Key Indicators for Asia and the Pacific 2026 Economy Tables (https://data.adb.org/media/15161/download)
citeturn3109view0 [wordlim: 200] Crawled: today; Content type: application/pdf; Number of pages: 10; Source: open({"ref_id":"https://data.adb.org/media/15161/download","lineno":132}); Total lines: 881
L36@P0:  Female 74.9 75.3 75.7 76.0 76.4 76.8 77.1 77.4 77.5 78.0 78.3 78.7 79.0 79.2 79.5 79.8 80.1 80.3 80.6 80.7 81.0 80.9 81.1 80.9 81.0 81.2
L37@P0:  Male 69.9 70.2 70.6 70.9 71.3 71.6 71.9 72.3 72.4 72.8 73.2 73.3 73.6 73.9 74.1 74.4 74.6 74.4 75.0 75.3 75.2 75.5 75.5 75.2 75.2 75.7
L38@P0: Births, Deaths, and Fertility Rates
L39@P0:  Crude birth rate (per 1,000 people) 13.8 13.0 12.7 12.5 12.6 12.7 12.8 13.0 13.3 13.4 13.3 13.1 14.1 13.3 13.5 12.5 13.1 12.9 10.8 10.3 8.3 7.3 6.6 6.3 6.2 6.2
L40@P0:  Crude death rate (per 1,000 people) 6.1 6.1 6.2 6.2 6.2 6.3 6.3 6.3 6.5 6.5 6.5 6.6 6.6 6.7 6.8 6.8 6.9 7.1 7.0 7.1 7.3 7.5 7.7 8.2 8.2 8.3
L41@P0:  Total fertility rate (births per woman) 1.6 1.6 1.6 1.6 1.6 1.6 1.6 1.7 1.7 1.7 1.7 1.7 1.8 1.7 1.8 1.7 1.8 1.8 1.5 1.5 1.2 1.1 1.0 1.0 1.0 1.0
L42@P0: Adult (15 Years and Older) Literacy Rate (%)
L43@P0:  Both sexes 90.9
L44@P0: ……………………… 95.1……………………… 96.7……………
L45@P0:  Female 86.5
L46@P0: ……………………… 92.7……………………… 95.1……………
L47@P0:  Male 95.1
L48@P0: ……………………… 97.5……………………… 98.4……………
L49@P0: Years of Schooling
L50@P0:  Expected
L51@P0:  Both sexes
L52@P0: c
L53@P0: … 10.2………… 11.8 12.1 12.4 12.8 12.9 13.1 13.2…………………………………
L54@P0:  Female
L55@P0: c
L56@P0: ……………… 11.9 12.2 12.6 12.9 13.1 13.2 13.4…………………………………
L57@P0:  Male
L58@P0: c
L59@P0: ……………… 11.8 12.0 12.3 12.6 12.8 12.9 13.0…………………………………
L60@P0:  Mean
L61@P0:  Both sexes
L62@P0: d 6.1
L63@P0: ……………………… 7.0……………………… 8.0……………
L64@P0:  Female
L65@P0: d 5.5
L66@P0: ……………………… 6.6……………………… 7.6……………
L67@P0:  Male
L68@P0: d 6.7
L69@P0: ……………………… 7.4……………………… 8.3……………
L70@P0: Education Resources
L71@P0:  Pupil/Trained Teacher Ratio
L72@P0:  Primary
L73@P0: ……………………………………………………………………
L74@P0:  Secondary
L75@P0: ……………………………………………………………………
L76@P0:  Pupil/Qualified Teacher Ratio
L77@P0:  Primary
L78@P0: e
L79@P0: ……………………………………… 16.8 17.1 17.2 17.0 17.0 16.9 16.7 16.4 16.2 16.3…
L80@P0:  Secondary
L81@P0: e
L82@P0: ……………………………………… 15.1 14.4 14.2 14.2 14.2 14.2 14.1 14.0 14.0 13.9…
L83@P0: Health Care Resources (per 1,000 population)
L84@P0:  Physicians 1.26 1.28 1.14 1.19 1.22 1.24 1.27 1.29 1.34 1.42 1.46 1.49 1.56 1.66 1.71 1.80 1.89 2.00 2.12 2.26 2.39 2.52 2.61 2.82
L85@P0: ……
L86@P0:  Hospital beds 1.7 1.7 1.7 1.8 1.8 1.9 1.9 2.0 2.2 2.3 2.5 2.7 3.0 3.3 3.6 3.8 4.1 4.3 4.6 4.8 5.0 5.2 5.4 5.6
L87@P0: ……
L88@P0: Adults Aged 15 Years and Older Living with HIV (‘000)
L89@P0:  All adults
L90@P0: ……………………………………………………………………
L91@P0:  Women
L92@P0: ……………………………………………………………………
L93@P0: LABOR FORCE
L94@P0: f
L95@P0:  calendar year (million) 740 739 745 749 753 761 763 765 770 775 784 783 784 786 788 789 793 790 787 790 784 780 769 772 767
L96@P0: …
L97@P0: Employed
L98@P0: g 721 728 733 737 743 746 750 753 756 758 761 762 763 763 763 763 762 761 758 754 751 747 734 740 734 725
L99@P0:  Agriculture, forestry, and fishing
L100@P0: h 360 364 366 362 348 334 319 307 299 289 279 265 255 238 224 214 209 203 195 187 177 171 177 169 163 161
L101@P0:  Mining and quarryingi
L102@P0:  Manufacturing 162 162 157 159 167 178 189 202 206 211 218 225 232 231 231 226 223 218 214 212 215 217 211 215 213 206
L103@P0:  Electricity, gas, steam, and air-conditioning supply; water supply;
L104@P0:  sewerage, waste management, and remediation activities
L105@P0:  Construction
L106@P0:  Wholesale and retail trade; repair of motor vehicles and motorcycles
L107@P0: j
L108@P0:  Transportation and storage
L109@P0:  Accommodation and food service activities
L110@P0:  Information and communication 198 202 210 216 227 234 241 244 251 259 263 272 275 293 309 323 330 340 349 356 358 359 346 356 359 358
L111@P0:  Financial and insurance activities
L112@P0:  Real estate activities
L113@P0:  Others
L114@P0: Underemployed
L115@P0: ……………………………………………………………………
L116@P0: Unemployed
L117@P0: k
L118@P0: 67888888999999 10 10 10 10 109 12 10 12 11 11 13
L119@P0: Unemployment ratel (%) 3.1 3.6 4.0 4.3 4.2 4.2 4.1 4.0 4.2 4.3 4.1 4.1 4.1 4.0 4.1 4.1 4.0 3.9 3.8 3.6 4.2 4.0 5.5 5.1 5.1 5.1
L120@P0: Labor force (% annual change) 1.6 -0.1 0.8 0.6 0.5 1.1 0.3 0.3 0.7 0.6 1.1 -0.0 0.1 0.2 0.2 0.2 0.5 -0.3 -0.5 0.4 -0.8 -0.5 -1.5 0.5 -0.7
L121@P0: …
L122@P0: Labor force participation rate (%)
L123@P0: ……………………………………………………………………
L124@P0:  Male
L125@P0-1: ……………………………………………………………………CHINA, PEOPLE'S REPUBLIC OF
L126@P1: Asian Development Bank (ADB)
L127@P1: Key Indicators for Asia and the Pacific 2026
L128@P1: https://kidb.adb.org
L129@P1: 2000 2001 2002 2003 2004 2005 2006 2007 2008 2009 2010 2011 2012 2013 2014 2015 2016 2017 2018 2019 2020 2021 2022 2023 2024 2025
L130@P1:  Female
L131@P1: ……………………………………………………………………
L132@P1: NATIONAL ACCOUNTS calendar year (CNY billion)
L133@P1: At Current Prices
L134@P1: GDP by industrial origin at current market prices 10,130.9 11,215.7 12,331.2 13,937.7 16,422.8 18,990.8 22,257.8 27,418.0 32,431.8 35,452.2 41,925.3 49,570.8 54,751.1 60,366.0 65,578.3 70,251.2 76,119.3 84,738.3 93,601.0 100,587.2 103,486.8 117,382.3 123,402.9 129,427.2 134,806.6 140,187.9
L135@P1:  Agriculture, forestry, and fishing 1,494.4 1,578.0 1,653.6 1,738.1 2,141.1 2,241.6 2,403.6 2,848.4 3,342.8 3,466.0 3,961.9 4,612.3 5,058.1 5,469.2 5,747.2 5,985.3 6,245.1 6,466.0 6,755.9 7,357.7 8,139.7 8,699.5 9,257.7 9,396.7 9,697.6 9,910.7
L136@P1:  Mining and quarrying
L137@P1:  Manufacturing
L138@P1: m
L139@P1: 4,025.9 4,385.4 4,777.5 5,536.2 6,577.5 7,795.8 9,223.6 11,169.1 13,172.4 13,809.3 16,512.3 19,513.9 20,890.1 22,233.3 23,319.7 23,496.9 24,540.6 27,511.9 30,108.9 31,101.1 31,123.1 36,990.4 38,865.2 39,218.3 40,451.9 41,682.6
L140@P1:  Electricity, gas, steam, and air-conditioning supply
L141@P1:  Water supply; sewerage, waste management, and remediation activities
L142@P1:  Construction 553.4 594.6 648.2 751.1 872.1 1,040.1 1,245.0 1,534.8 1,880.8 2,268.2 2,725.9 3,292.7 3,689.6 4,089.7 4,540.2 4,776.1 5,149.9 5,790.6 6,549.3 7,079.0 7,275.1 7,927.0 8,144.0 8,664.1 8,886.3 8,642.5
L143@P1:  Wholesale and retail trade; repair of motor vehicles and motorcycles 816.0 912.1 999.7 1,117.1 1,245.6 1,396.9 1,653.3 2,094.1 2,618.6 2,900.5 3,590.8 4,373.5 4,983.6 5,628.9 6,317.0 6,772.0 7,372.5 8,115.7 8,890.4 9,686.5 9,856.9 11,435.8 12,217.8 13,081.0 13,919.2 14,580.8
L144@P1:  Transportation and storage 621.6 693.1 756.0 798.4 938.7 1,076.9 1,229.4 1,472.7 1,651.2 1,667.2 1,895.1 2,201.4 2,394.8 2,624.0 2,874.5 3,073.8 3,326.0 3,738.4 4,063.2 4,261.1 4,071.2 4,843.9 5,096.8 5,643.8 5,904.5 6,209.2
L145@P1:  Accommodation and food service activities 214.6 240.0 272.5 312.6 366.5 419.6 479.3 554.8 661.6 695.7 771.2 856.5 953.7 1,022.8 1,122.9 1,230.6 1,360.8 1,505.6 1,652.1 1,824.9 1,585.6 1,906.4 1,914.6 2,308.4 2,489.5 2,640.3
L146@P1:  Information and communication
L147@P1: n
L148@P1:  Financial and insurance activities 484.2 520.3 555.6 604.6 660.0 748.6 997.2 1,520.0 1,834.6 2,183.7 2,573.3 3,074.7 3,527.2 4,129.3 4,685.3 5,630.0 5,996.4 6,484.4 7,061.0 7,511.4 8,115.9 8,640.9 8,805.2 9,392.7 9,695.6 10,133.7
L149@P1:  Real estate activities 484.9 561.7 648.4 760.5 894.2 1,034.2 1,262.3 1,680.9 1,845.0 2,322.7 2,866.9 3,371.3 3,776.1 4,396.3 4,797.2 5,373.2 6,206.6 6,925.7 7,763.3 8,332.1 8,553.4 9,039.8 8,801.5 8,798.2 8,404.7 8,302.4
L150@P1:  Professional, scientific, and technical activities
L151@P1:  Administrative and support service activities
L152@P1:  Public administration and defense; compulsory social security
L153@P1:  Education
L154@P1:  Human health and social work activities
L155@P1:  Arts, entertainment, and recreation
L156@P1:  Other service activities
L157@P1: o 1,435.9 1,730.6 2,019.8 2,319.2 2,727.2 3,237.2 3,764.1 4,543.2 5,424.9 6,139.0 7,027.9 8,274.5 9,477.8 10,772.5 12,174.2 13,913.3 15,921.4 18,200.0 20,757.0 23,433.5 24,765.9 27,898.7 30,300.3 32,924.1 35,357.5 38,085.7
L158@P1:  Activities of households as employers; undifferentiated goods- and
L159@P1:  services-producing activities of households for own use
L160@P1: Net factor income from abroad -121.4 -158.7 -123.7 -84.6 -42.5 -132.0 -41.0 61.2 198.5 -58.3 -176.5 -454.7 -125.1 -482.2 81.7 -328.7 -370.1 -109.0 -403.8 -276.4 -811.6 -800.6 -1,032.3 -949.8 -763.7 -782.6
L161@P1: GNI 10,009.5 11,057.0 12,207.5 13,853.2 16,380.3 18,858.8 22,216.8 27,479.1 32,630.3 35,393.9 41,748.8 49,116.0 54,626.0 59,883.8 65,660.0 69,922.5 75,749.2 84,629.3 93,197.3 100,310.8 102,675.2 116,581.7 122,370.7 128,477.4 134,042.9 139,405.3
L162@P1:  Structure of Output (% of GDP at current market prices)
L163@P1:  Agriculture 14.8 14.1 13.4 12.5 13.0 11.8 10.8 10.4 10.3 9.8 9.4 9.3 9.2 9.1 8.8 8.5 8.2 7.6 7.2 7.3 7.9 7.4 7.5 7.3 7.2 7.1
L164@P1:  Industry 45.2 44.4 44.0 45.1 45.4 46.5 47.0 46.3 46.4 45.3 45.9 46.0 44.9 43.6 42.5 40.2 39.0 39.3 39.2 38.0 37.1 38.3 38.1 37.0 36.6 35.9
L165@P1:  Services 40.0 41.5 42.6 42.4 41.6 41.7 42.2 43.2 43.3 44.9 44.7 44.7 45.9 47.3 48.8 51.2 52.8 53.1 53.6 54.7 55.0 54.3 54.4 55.7 56.2 57.0
L166@P1: Expenditure on GDP at current market prices 10,102.5 11,185.5 12,304.7 13,913.2 16,379.7 19,056.6 22,303.7 27,480.2 32,335.1 35,360.6 41,562.5 49,268.0 54,808.9 60,612.5 65,743.3 70,415.8 76,067.2 84,506.7 93,358.1 100,672.3 104,224.5 117,311.0 123,341.3 129,427.2 134,820.1 140,216.4
L167@P1:  Final consumption expenditure 6,456.9 6,968.8 7,547.6 8,121.3 9,118.6 10,405.6 11,804.2 14,109.8 16,303.8 17,928.9 20,728.2 25,162.7 28,260.0 31,435.8 34,667.7 38,159.3 42,294.0 46,992.9 52,210.7 56,834.8 57,716.9 64,237.7 67,180.4 73,459.5 76,407.0 79,783.0
L168@P1:  Household final consumption 4,736.3 5,110.9 5,547.1 5,966.1 6,691.8 7,560.8 8,458.2 10,040.0 11,527.0 12,613.5 14,507.5 17,473.5 19,552.0 21,809.6 24,254.9 26,738.0 29,810.1 33,009.6 36,451.5 39,583.1 39,499.3 45,044.3 46,618.1 51,212.1 53,882.8 56,123.5
L169@P1:  NPISHs final consumption
L170@P1: ……………………………………………………………………
L171@P1:  Government final consumption 1,720.6 1,858.0 2,000.5 2,155.2 2,426.8 2,844.8 3,346.0 4,069.8 4,776.9 5,315.4 6,220.8 7,689.2 8,708.0 9,626.1 10,412.7 11,421.3 12,483.9 13,983.3 15,759.2 17,251.7 18,217.6 19,193.4 20,562.3 22,247.4 22,524.2 23,659.5
L172@P1:  Gross capital formation 3,407.3 3,984.3 4,447.7 5,495.4 6,837.5 7,630.1 8,834.1 11,028.1 13,608.6 15,928.0 19,328.6 22,936.5 25,085.3 27,721.5 29,714.5 30,021.8 32,075.6 36,055.9 40,542.2 42,920.1 44,056.8 50,101.4 52,267.9 53,233.0 54,571.8 54,580.3
L173@P1:  Gross fixed capital formation 3,307.4 3,752.8 4,314.4 5,308.1 6,462.5 7,457.7 8,574.1 10,328.6 12,584.5 15,389.7 18,246.0 21,570.9 24,021.3 26,606.7 28,448.1 29,236.2 31,270.3 35,097.3 39,668.5 42,498.5 43,308.6 48,540.1 50,882.7 52,359.0 53,453.4 53,043.7
L174@P1:  Public
L175@P1: ……………………………………………………………………
L176@P1:  Private
L177@P1: ……………………………………………………………………
L178@P1:  Changes in inventories 99.8 231.5 133.3 187.2 375.1 172.4 260.0 699.5 1,024.1 538.3 1,082.6 1,365.6 1,063.9 1,114.9 1,266.4 785.6 805.4 958.6 873.7 421.7 748.2 1,561.4 1,385.2 874.0 1,118.3 1,536.6
L179@P1:  Acquisitions less disposals of valuables
L180@P1: ……………………………………………………………………
L181@P1:  Exports of goods and services 2,095.2 2,251.8 2,756.3 3,707.8 5,027.0 6,335.0 7,905.9 9,558.6 10,985.8 9,107.6 11,203.6 12,963.7 13,729.8 14,586.5 15,130.2 14,709.9 14,617.7 16,384.7 17,569.4 18,161.7 18,838.3 22,920.4 25,048.0 24,887.8 27,012.6 28,838.3
L182@P1:  Exports of goods
L183@P1: ……………………………………………………………………
L184@P1:  Exports of services
L185@P1: ……………………………………………………………………
L186@P1:  Less: Imports of goods and services 1,856.9 2,019.4 2,446.8 3,411.3 4,603.4 5,314.1 6,240.4 7,216.3 8,563.1 7,603.9 9,697.9 11,794.8 12,266.2 13,131.2 13,769.1 12,475.3 12,920.1 14,926.8 16,964.1 17,244.4 16,387.5 19,948.5 21,155.0 22,153.1 23,171.2 22,985.1
L187@P1:  Imports of goods
L188@P1: ……………………………………………………………………
L189@P1:  Imports of services
L190@P1: ……………………………………………………………………
L191@P1:  Statistical discrepancy 28.4 30.2 26.5 24.6 43.1 -65.9 -45.9 -62.2 96.7 91.5 362.8 302.7 -57.8 -246.5 -165.0 -164.6 52.1 231.6 242.9 -85.0 -737.7 71.3 61.7
L192@P1: – -13.5 -28.5
L193@P1:  Structure of Demand (% of GDP at current market prices)
L194@P1:  Household final consumption 46.8 45.6 45.0 42.8 40.7 39.8 38.0 36.6 35.5 35.6 34.6 35.2 35.7 36.1 37.0 38.1 39.2 39.0 38.9 39.4 38.2 38.4 37.8 39.6 40.0 40.0
L195@P1:  Government final consumption 17.0 16.6 16.2 15.5 14.8 15.0 15.0 14.8 14.7 15.0 14.8 15.5 15.9 15.9 15.9 16.3 16.4 16.5 16.8 17.2 17.6 16.4 16.7 17.2 16.7 16.9
L196@P1:  Gross capital formation 33.6 35.5 36.1 39.4 41.6 40.2 39.7 40.2 42.0 44.9 46.1 46.3 45.8 45.9 45.3 42.7 42.1 42.5 43.3 42.7 42.6 42.7 42.4 41.1 40.5 38.9
L197@P1:  Changes in inventories 1.0 2.1 1.1 1.3 2.3 0.9 1.2 2.6 3.2 1.5 2.6 2.8 1.9 1.8 1.9 1.1 1.1 1.1 0.9 0.4 0.7 1.3 1.1 0.7 0.8 1.1
L198@P1:  Exports of goods and services 20.7 20.1 22.4 26.6 30.6 33.4 35.5 34.9 33.9 25.7 26.7 26.2 25.1 24.2 23.1 20.9 19.2 19.3 18.8 18.1 18.2 19.5 20.3 19.2 20.0 20.6
L199@P1:  Imports of goods and services 18.3 18.0 19.8 24.5 28.0 28.0 28.0 26.3 26.4 21.4 23.1 23.8 22.4 21.8 21.0 17.8 17.0 17.6 18.1 17.1 15.8 17.0 17.1 17.1 17.2 16.4
L200@P1:  Statistical discrepancy 0.3 0.3 0.2 0.2 0.3 -0.3 -0.2 -0.2 0.3 0.3 0.9 0.6 -0.1 -0.4 -0.3 -0.2 0.1 0.3 0.3 -0.1 -0.7 0.1 0.0
L201@P1: – -0.0 -0.0
L202@P1: At Constant Prices
L203@P1: GDP by industrial origin at 2000 | 2005 | 2010 | 2015 | 2020 market prices
L204@P1: p 10,130.9 10,974.2 11,987.7 13,200.2 14,538.7 16,203.9 | 21,397.9 24,425.9 26,787.5 29,307.2 32,411.3 | 45,892.3 49,498.5 53,348.7 57,329.0 61,331.5 | 75,009.7 80,178.8 85,597.2 90,790.7 92,914.7 | 112,356.0 115,877.0 122,152.9 128,232.1
L205@P1: …

