计算机、通信和其他电子设备制造业                               27776 190719.96        34643.50         66958 .49        31446.13       118855.06         40569.95         20252 29          6843.58       104362.60         83026.49        36587.06         86347.63         38818.22          2661.22           451.78         22517.01          4100.33          3906.73          519332 162640.26 131787 .35          3246.93         11612.46           306.49          1266.81          1804.67          7482.92          7599.38          2316.65           921.32
计算机制造                                                           2989         16621.35           1383.68           3269.78           1858.56         13123.93           5791.05          241271            742.24         10196.21           9472.44           5547.63          6425.14          2074.04             93.20             17.56            71474            272.82            463.54            482.17         2846.78         21025 .09            340.88            964.55            40.55             84.37             47.80            603.61            613.67             86.39            105.30
计算机整机制造                                                 422         8364.39           434.64          1051.01           615.22         7154.54         3432.98          1173.07           302.66         6097.32          5719.75          3648.37         2267.07           605.45            50.42            11.08           230.06            61.48           154.58            9777        14199.17        13605.62           13771           332.90           -30.95            50.60            24.03           195.58           198.82            13.82            30.63
计算机和部件制造                                          1068         2930.77          479.58         1093.50          597.55         2106.22         1027.55          394.65          145.91         112.40         1401.87          830.66         1418.37          621.26            259            0.87          204.45           48.46          146.12          218.77         3604.48         3178.80           48.62          209.18            0.29           10.92            7.89          166.35          474.20           25.30           37.66
计算机外围设备制造                                             900          3170.62           265.38           679.05           404.72          2205.36           830.52           492.53           163.38          1626.06          1457.31           681.26          1544.56           471.18            15.60             256           206.67            80.25            72.85            93.24          3337.04          2902.14            74.96           200.88             -131             16.95            11.62           162.10           156.42            23.61            23.64

工业控制计算机及系统制造                     166      401.94       37.65       62.84       25.18      308.95      102.30       83.97       40.10      236.74      210.62       99.14      165.20       46.04        1.61        0.34       24.66       11.92       6.43        1.08      348.42      294.28       13:31       32.30        0.61        1.49        0.64        8.90       10.14       284        1.90
信息安全设备制造                           99      346.72       23.91       38.02       13.96      280.09,       66.97       43.06       13.05      141.57      133.69       36.89      208.14       49.44        4.70        1.43       19.94       20.56       6.27        0.53      166.68      112.01       16.11       33.07       1.30        1.10        0.57        9.92       10.51        5.86        1.63
其他计算机制造                                                  334          1406.92           142.53           348.36           201.98          1068.78           330.72           225.43            T1A4           582.11           549.20           251.30           824.81           280.68            21.28              1.28             88.92            50.14            78.29            40.77          1191.00           932.23            51.28           156.26             TH              3:32              3.15            60.76            66.57            14.96              9.83
通信设备制造                                                    2404        47117.92         313677         6603.48          3409.10        36415.89        12072.67         5397.60          1680.65        30384.00        25087 13        1105121         16725 18          3821.22           158.66            32.36         2456.69,           396.01           471.10           305.09        44407.59        37159.26         1498.27         4125.76            10.08           441.45          1245.27         3416.62         3398.21           152.43           184.10
通信系统设备制造                                             1286        10564.79           824.66          1600.70           759.11          8107.71          3120.23          1823.32           449.32         5855 32         4887.99         2168.04         4700.92          1212.24            94.49              8.95           758.33           224.43            51.18            74.34          7878.26         6089.08           362.27           945.43             4n            64.83            90.60           574.88           569.82            75.03            46.83
通信终庙设备制和                                              1118         36553 13          2312.11          5002.78          2660.00         28308.18          8962.44          3874.18          1231.33         24528 .68         20199 14          8883.17         12024 26          2608 .98            64.17            23.40          1698.36           17157           419.92           230.75         36529 .33         31070.18          1145.99          3180.33             14.79           376.62          1154.67          2841.74          2828.38            77.40           137.27

播电视设备制造                                               620         2052.02          426.82          794.01           363.75         1250.69          41171           247.10            7374          957.85          776.66          316.95         1094.17          522.84          153.23             2.16          113.19          159.70            42.91            51.65         1576.59         1271.85            63.32          141.64             0.75            10.42            10.27          105.72          108.88            12.44            13.62
播电视节目制作及发射设备制造                  31       7347       5.26       13.02       1.76       54.20       16.04       13.79        3.69       33.16       30.76       10.23       40.31       13.85        4.70                  357        8.14        0.03        0.41       39.99       29.64       2.46        5.96        0.19        041        0.01        1.55        1.63        114        0.42

播电视接收设备制造                        181      64071      118.63      278.29      155.49      368.37      170.16       75.64       23.82      222.08      168.71       87.72      418.63      184.02       297                 26.52       96.17       32.43       26.93      438.19      349.09       11.93       42.48       037       242       6.05       39.25       40.32        3.84       484
aS RHE                        60       91.62       10.39       22.84       11.91       58.76       19.62       11.99        458       48.40       45.54       20.18       43.22       20.79                 0.20        4.00        5.96        747        3.16       84.35       72.38        2.04       6.61        0.30        0.42        0.88        3.85        454        0.30        0.82
专业音响设备制和                          124      127.66       22.08       44.49       22.37       94.89       23.78       3177       13.01       67.81       59.30       24.20       59.86       21.94                 0.90        3.15       11.69        0.53        5.67      132.63      104.76        5.07       18.14        0.27        0.34       0.13        6.48        677        0.45        1.98
应用电视设备及其他广播电视设备制造                        224         1118.56          270.47          438.37          166.23          674.47          182.12          113.91            28.64          586.41          475.36          174.62          532.15          282.24          148.56             1.05            75.96           38.73             245            15.49          881.64          718.98           41.83           71.48             0.35             6.84             347           54.60           56.62            6.40             5.55
SARMELS AE                                                165          1289.51           140.10           265.61           124.14           964.98           265.14           281.24            34.81           716.79           665.26           279.36           512.73           168.70             82.15              1.94            70.57            12.70              47              0.41           461.29           369.27            11.40            17.94             3.06              7.00              1.80              6.91              8.03            24.02             471
SLOTS Bie                          1143     5652.61      541.31      1067.09      512.24     4168.60      1521.16      797.36      294.38      3660.12     3256.38      1481.97     1992.49      71777       33.56       6.09      361.92       81.52      152.83       91.84     6585 .51      5894.97      159.60      334.86        8.67       39.76       37.41      193.19      189.41       40.29       36.16
电视机制和                                                   181          3928.43          310.08          566.60          242.29         2880.77         1036.59          502.12          193.98         2731.54         2416.94         1049.83         1196.90          406.41            20.78             017          237.28            22.09            93.89           32.23         4320.93         3943.01           120.86          170.80            10.38            26.72            31.00            86.88            82.40            24.16            12.68
音响设备制造                             7T47     1117.14      146.47      316.83      166.08      829.34      362.64      179.47       65.70      618.24      562.58      299.94      498.91      182.83        4.19        2.65       80.78       20.74       44.63       32.84     1479.52     1258.83       25.87      120.12        051        3.28        3.23       67.26       69.41       10.33       17.23
VRE SB                          215      607.03       84.76      193.76      103.87      458.49      131.93      115.78       34.70      310.35      277.86      132.20      296.69      128.52       11.62       3.27       33.86       38.69       14.31       26.76      786.06      693.13       12.88       43.94       223        977        3.18       39.04       37.60        5.80        6.25
智能消费设备制造                                           1828         7470.91         1085.24         1962.41          886.32         5238.35         2220.62,          938.07          390.59         4502.71         4038.27         2078.98         2968.20         1397.03           19.96            5.53          675.18          231.93          251.54          212.89         8243.22         7115.06          223.92          640.70            9.85           40.46           19.49          287.75          212.38          138.13           51.48
可穿戴智能设备制造                                        194,         1130.39          225.29          349.45          123.68          814.98          430.14          120.52           46.53          799.10          748.99          484.89          331.29          142.76            0.95            0.05          103.76           33.38            4.30            0.31         1895.73         1748.60           13.56           88.85            1.61            4.85            1.68           44.82           46.19            8.83           10.22
智能车载设备制和                          370      1756.10      204.34      389.98      184.47     1149.30      502.84      229.91       78.62     1047.67      918.80      453.45      707.43      259.39       249        4.16      132.96       37.86       1.33       13.60      1544.24     1215.66       47.40      204.99        7.65        6.85        3.03       66.47       69.56       47.45        8.69
智能无人飞行器制造                         118      453.74       21.06       36.87       14.97      388.81      472.41      104.63       42.02      313.36      293.80      164.22      140.39       69.57        0.73        0.21       45.34       15.64        7.61        0.04      482.26      400.16       20.21       47.08        0.44        119       1.70       10.18       10.85       12.87       2.46
服务消焉机器人制造                         122      427.84       31.49       43.06       11.55      308.06      106.64       39.40       14.16      233.78      206.70       91.91      194.10       81.25        1.86       234       56.34        712       8.67       4.93      192.77      147.57       23.23       45.51        on        1.30        287      20.41       20.01       32.63        247
其他智能消费设备制造                                       1024         3703.84          573.06         1143.05          551.65         2877.21         1008.48          443.72          209.26         2108.84         1869.98          881.48         1594.99          844.05            13.93             1.78          336.77          137.94          159.62          194.00         4128.22         3603.07          119.52          254.27            0.56           26.27           13.60          156.68          165.79           36.35           27.94
Pee                                                       6426         6188.62         1754.28         34822 15         16750.62         29363.73          8473.67          5108.10          1677.41         29709.17         20150 22          7523.06         31877 34         20146.21           1670 39           202.08         12866.00          1141.88          1392.76          2873.00         29879.90         26036 .22           385.76          2664.31            174.03           394.44             92.39           474.31            530.04          1314.31            204.13
电子真空器件制造                          468      817.34      139.98      262.16      119.79      568.10      237.96      105.63       40.34      417.38      359.90      175.54      399.97      185.14       10.81        0.40       78.93       34.02       15.02       15.96      743.10      616.54       14.27       59.74       278        276        0.41       46.04       47.75        561        821

丰导体分立器件制造                                        533         3091.97          820.30         1600.91          773.52         1526.56          450.81          325.63          103.24         1238.90          963.41          453.25         1853.07          716.36           75.10           25.74          263.96          105.44          122.37          123.75         1614.09         1367.34           21.89          145.37            691           12.75            678           87.59           91.49           53.06           14.98
集成电路制造                                               1426        27845.90         7966.88        15948.21         7792.73        13298.67         2675.20         2389.04          634.13        12965.14         8177.83         2458.38        14880.76         9036.08          749.82          101.34         5430.71          248.89          715.12         1789.20        10208.73         8689.50          102.71         1241.23            82.64          208.86           41.36           34.01           24.06          792.99           46.90
显示器件制造                                                    1506         19334 09          6264.18         1262.37          6133.61          8027.83          2977.63          1154.63           466.96         10133.21          6686 .54          2699 .25          9200.88          7873.67           728.27            28.82          5452 49           384.38           317.62           662.10         10364.35          9471.23           115.99           586.54             58.93           123.14            23.85           133.48           150.43           303.71             60.41

丰导体照明器件制造                                         465         1767.08          473.80          895.81          414.43          923.82          365.86          162.47           83.68          949.56          734.44          287.12          817.52          617.53            36.92            412          412.83          106.12           51.51             7.03          935.63          820.65            17.69           77.89             6.65             8.65             17           1212           15.83           34.24           10.42
光电子器件制和                                                 1075          540771          1206.98          2108.20           861.34          3178.27          1061.36           598.09           213.48          2492.45          2044.60           905.97          2913.27          1332.85             36.86            29.16           862.61           178.42            56.30           170.39          347971          2935.30            61.33           324.27             6.43            22.46              9.92           134.00           143.50             91.06            31.61

i ies, SSA                          963      3324.42      672.20      1344.49      656.21      1840.48      714.86      369.62      13571      1812.64     1193.63      543.56      1811.88      715.57       34.62       12.50      364.46       84.60      114.82      104.57     2534.29,     2146.66       51.87      229.26        on       15.84        8.31       95.10      105.09       33.63       31.59
电子元件及电子专用材料制造                               10581        44850 72        9993.84       17403.50         7200.99       25429 07        8703.10        4483.60         1749.02       2036.96       1705.68        7318.78       2818.77        8883.64         407.46          177.07        4948.09,        1132.85         1090.80         1141.49       35352.04       30393.15          455.31         2327.48          134.76         235.11          333.05        2211.52        2256.63          516.77         288.79
电阻电容电感元件制千                                      1341         3436.08          782.91         1629.14          832.98         2160.39,          720.19          416.15          175.49         1462.60         1269.12          494.58         1973.15          730.90            14.64             9.69          265.94          114.38          174.09          152.04         2710.17         2231.68           53.97          213.47             7.60            16.11             7.86          208.72          211.67           22.79           34.89
电子电路制千                                                        2029           7192.77           2024.29,           4019.96           1950.95           4416.67           1994.20            712.43            263.57           4054.81           3340.74           1676.93           3737.95           1697.24             28.79               9.03            698.09            189.46            397.54            374.33           6297.94           5430.83              86.17            441.51              24.95              42.28              18.74            311.37            319.44              87.34             68.78
SERA RARS AE                        593      1759.65      216.47      406.90      185.35      1036.85      326.63      199.80       79.02      765.25      660.88      253.37      994.40      368.64        8.46       252      220.01       56.45       34.03       37.17     1154.91      901.27       30.16      125.10        571        831       13.10       97.04      100.80       19.50       12.82
ARS RE HE                         530      1146.15      198.20      369.02      169.97      719.18      319.18      108.86       44.32      653.54      564.70      297.47      492.61      140.19        0.26        3.70       44.23       52.89       31.51        7.60      929.56      790.35       13.96       94.97       3.23        5.65       23.78       51.73       52.15        421       13.90
电子专用材料制造                                         2797       21807 .65         5337.30         7586.44        2188.75        10985.99        2942.86         1973.68          726.37       10878.09         8068.30         2728.91        10930.06        4392.13          323.16          123.31         3087.36          474.12          168.11          245.80        16034.30        14163.76          132.61          814.43           85.01          128.88          208.02          943.05          958.86          332.38           63.03

i es, oP                                            3291          8909.44         1434.66         3392.04         1902.99         6112.02,         2400.03          1072.68           460.24         4221.66         3811.95          1867.51          4687.60          1564.55            32.47            28.83           662.47          245.54          286.62           324.55          8225.15         6875.29,           139.45           638.30             827            34.88            61.86          602.61           613.71            50.54            95.37

其他电子设备制造                           1620     4076.39      421.46      770.46      340.41      2909.80      1110.95      589.59      200.73     2139.79      1874.45      996.17     1936.60      1086.77       42.62       6.99      260.66      670.94       40.78       64.79     3187.35     2532.49,      108.46      336.22       5.84       13.79       17.19      213.28      222.13       32.417       33.05
