1-0-1.3 分行业企业R&D经费内部支出情况

单位: 万元
BSB                      设 备         坚            ‘a

SB Ht                                            209698997     194427867      66572134      15271130,      14912204       4016788     205166436
采矿业                                              5185097       4914526       1715956        270571        261777         22649       5158178
煤炭开采和洗选业                                   2206325       2024606        804825        181718        178711          6205       2198491
烟煤和无烟煤开采洗选                              2182584       2001201        798007        181384        178414          5584       2175371
褐煤开采洗选                                       19275         19180          5859            94            62           621         18654
其他煤炭采选                                        4466          4225           960           241           235                        4466
石油和天然气开采业                                  1375573       1358332        546431         17242         12826          9177       1366263
石油开采                                          989563        975287        452844         14276          9998          5107        984323
天然气开采                                        386010        383045         93587,          (2965          2828          4070        381940
黑色金属矿采选业                                    451033        420171         69556         30862         30507,           686        450348
铁矿采选                                          447477        416772         69313         30705         30367,           686        446792
iW. PRA SRE                                      3555          3398           242           157           140                        3555
其他黑色金属矿采选                                      1             1             1                                                      1
有色金属矿采选业                                    386433        376493         93496          9939          9573          2330        384103
常用有色金属矿采选                                 165481        162215         43685          3266          3146          1334        164148
贵金属矿采选                                      118620        113129         31007,          5491          5300            34        118586
稀有稀土金属矿采选                                 102331        101150         18805          1182          1127           962        101370
非金属矿采选业                                      (293974        (282513         65374         11461         11005,          2052        290067
土砂石开有条                                        150867        143820         30044          7048          6841           664        148349
化学矿开采                                         70983         68785         15354          2198          2082           932         70051
采盐                                              41978         41148         13648           830           758           232         41746
石棉及其他非金属矿采选                              30146         28760          6328          1386          1325           224         29922
开采专业及辅助性活动                                 470752        451412        136088         19340         19147          2200        467898
石油和天然气开采专业及辅助性活动                   470383        451042        135914         19340         19147          2200        467528
其他开采专业及辅助性活动                              369           369           174                                                    369
其他采矿业                                            1008           999           186             9             9                        1008
其他采矿业                                          1008           999           186             9             9                        1008
制造业                                            201079062     186429639      63882362      14649423      14314667       3967590,     196606203
农副食品加工业                                     3165903       3000709        581232        165194        160157         31603       3131575
谷物磨制                                          305908        (284387         41616         21520         20881          2016        303769
饲料加工                                          985445        941083        189674         44362         43175,         13941        969859
植物油加工                                        236073        226469         27020          9604          8871          2425        233469
制糖业                                             48547         43430          7859          5117          5102           250         48297
屠宰及内类加工                                    578991        547676        133653         31315         30551          4762        574052
水产品加工                                        231242        216950         47564         14291         13911          1606        229636
蔬菜、菌类、水果和坚果加工                             (259138         (245401           51896           13737           13199            3267         (255729
其他农副食品加工                                  520560        495312         81950         (25248         24468          3336        516764
食品制造业                                         1868130       1768695        540344         99435         97730         25530       1841890
eee anal                                      197300        188041         67743          9259          9130           546        196569
糖果、巧克力及窗贱制造                              88050         84168         23284          3882          3763           639         87385
方便食品制造                                      171851        161004         50069         10847         10674          2132        169719
屯制品制造                                        197199        185419         67649         11780         11608          6515        190646,
兆头食品制造                                       86039         80861         23149          5178          4986          1752         84267
调味品、发酵制品制造                               358073        345957         97203         12115         11914          3250        354698
其他食品制造                                      769619        723245        211246         46374         45655         10696        758606
HAO HL                               872397,        813363        234692         59034         56393         12096        859288
酒的制造                                          598026        561978        161211         36047,         33912          8231        589052
饮料制造                                          228556        207200         61352         21356         21014          2673        (225688
精制茶加工                                         45816         44185         12129          1631          1467          1192         44548
烟草制品业                                          363548        319924        200757         43624         42976          1247        359089
烟叶复烤                                            3598          3465          2274           132           132                        3558
卷烟制造                                          339342        (297558        186144,         41785         41325          1075        335095
其他烟草制品制造                                   20608         18901         12340          1707          1519           172         20436
纺织业                                             2812582       2609480        781632        203102        197756         11293       (2798715
棉纺织及印染精加工                                1469260       1354594        387428        114666        112208          4527       1463186
毛纺织及染整精加工                                  99327         93230         29236          6097          5900           372         98955
麻纺织及染整精加工                                 27926         26763          7608          1164          1160            10         27916
丝绢纺织及印染精加工                                50383         47652         12569          2730          2712           319         49763
化纤织造及印染精加工                               343508        312454        103170         31054         29852           975        342533
Sea NS la                       195706        187979         53197          7727          7361           237        194915
家用纺织制成品制造                                201109        194138         60971          6971          6824           794        200225
产业用纺织制成品制造                               425362        392669        127452         32693         31740          4059        421222
纺织服装、服讳业                                    1015887        984619        374340         31267         30223          7508       1007564
机织服装制造                                      519670        506409        201010         13261         12676          1967        517559
Sean ga SO a a                             374317        364424        134239          9893          9605          5023        368793
服饰制造                                          121899        113787         39091          8113          7943           519        121213
皮革、毛皮、羽毛及其制品和制鞋业                        1044149        1019611          355114          24538          22756            3436        1039944
皮革二制加工                                       67166         64337,         16776          2829          2737           180         66830
皮革制品制造                                      189554        184795         57319          4759          4523           803        188633
毛皮县制及制品加工                                 25201         24753         10320           448           327            18         (25183
羽毛(绒) 加工及制品制造                              35019         34320          6192           699           669             2         35017
cites                                            727209        711406        264508         15803         14500          2434        724281
AMI LAAs 1. Bs te. SHE                    849720        799523        175005,         50198         47880          5642        839722
木村加工                                           80610         15737         14375,          4874          4192           947         79499
信造板制造                                        514528        487786        100119         26743         (25892          3643        506735
木质制品制造                                      185078        170120         48098         14958         14440           532        184504
HB. . SSalawe                            69504         65881         12413          3623          3357           520         68984
家具制造业                                          947892        902788        353408         45104         44211          3687        943670
木质家具制造                                      500220        469018        180771         31202         30622          2399        497386
i. Beale                                     12245         11622          2664           623           620           571         11674
金属家具制造                                      263011        253571        104288          9439          9265           363        262603
塑料家具制造                                       15934,         15287          4630           647           613            20         15914,
Hie kale                                      156484,        153290         61055          3193          3091           335        156092
造纸和纸制品业                                     1793057       1684604        335614        108453        106483          7036       1784600
RHE                                           52165         50144          7283          2020          1973            60         52105
造纸                                             1106005       1058109        172836         47897         46739          5010       1099609
纸制品制造                                        634887        576351        155495,         58536         57772          1965        632886
印刷和记录媒介复制业                                 929706        842085        312608         87622         85644          6292        922505
印刷                                              897811        811222        (297343         86589         84705          5278        891623
装订及印刷相关服务                                  30275         29265         14691          1010           917           MT         29928
记录媒介复制                                        1620          1598           574            22            22           667           953
文教、工美、体育和娱乐用品制造业                        1208160        1154516         385352           53645           52109            7445        1198712
文教办公用品制造                                   129942        124084         49778          5859          5809           325        129429
乐器制造                                           28896         25095         12088          3802          3745           181         (28715,
工艺美术及礼仪用品制造                             521081        499417        156108         21664         20965          1886        518218
体育用品制造                                      254895        249231         74940          5664          5408          1101        (253282
玩具制造                                          188187        179168         64405          9019          8662          2971        184892
游艺器材及娱乐用品制造                              85159         77522         28033          7637          7520           981         84178
石油、煤炭及其他燃料加工业                          1914042       1807890        (255664        106152         95637,         11571       1902351
精炼石油产品制造                                  1168115       1082252        163155,         85863         75848          5658       1162457
煤炭加工                                          666660        654026         78524         12634         12192          4311        662254
核燃料加工                                         40654         36250          7576          4404          4401          1402         39227
生物质燃料加工                                     38613         35362          6409          3251          3196           200         38413
化学原料和化学制品制造业                           12162533      11260444       2748575        902090        868136        177590      11959600
基础化学原料制造                                 4169833       3916458        696153        (253375        240494         36817,       4131184,
肥料制造                                         1104777       1034509        186755         70268         68955         13096       1076067
农药制造                                          609837        571288        162913         38549         37897,          6471        601546
涂料、油墨、颜料及类似产品制造                         982983         936258         324227          46725          44913           19695,         962019
合成材料制造                                     2339480       2051807        520339        (287674        276700         34142       2305155,
专用化学产品制造                                 2210382       2044871        606063        165511        160960         35011       2170838
TE AT RE ane                           (242883        224332         62264         18552         17642         21654        221230
日用化学产品制造                                  502358        480921        189862         (21437         20575         10704        491561
医药制造业                                        10963162      10075501       2978598        887661        873808        177770      10721914
化学药品原料药制造                                1348033       1214548        468947        133485,        131701         13765       1333673
化学药品制剂制造                                 3669235       3462805        926804        206430        203230         50641       3601274
中药饮片加工                                      358547        338583         76070         19965,         19387          4598        353775
中成药生产                                       1204168       1141124        379274         63045         61637,         30980       1173003
兽用药品制造                                      190773        173924         74635         16850         16118          6427        184346,
生物药品制品制造                                 3576026       3182403        836865        393623        388935         63979       3473981
卫生材料及医药用品制造                             502519        457991        172849         44528         43560          6798        488836
药用辅料及包装材料                                 113860        104123         43154          9736          9240           581        113027
化学纤维制造业                                     1721998       1583635        349765        138363        137014         20829       1699217
纤维素纤维原料及纤维制造                           (229874        212304         42633         17570         17348           807,        (229067
合成纤维制造                                     1407446       1293951        288161        113496        112447         18867       1386627
生物基材料制造                                     84678         77380         18971          7298          7219          1156         83523
PRB HR                                   5332732       4983260       1607678        349472        341575         36138       5289216
橡胶制品业                                       1577484       1475871        467305        101613         98703         12645,       1559489
塑料制品业                                       3755248       3507389       1140373        247859        242872         23494       3729727
非金属矿物制品业                                   7240261       6615966       1639186        624295        610494         56808       7178349
KE. 石灰和五育制造                              1087784        951647        178346        136137        133532          4288       1083043
石育、水泥制品及类似制品制造                      1262604       1192212        (272294         70392         67693          5341       1256314
砖瓦、石材等建筑材料制造                           731859        686512        161105,         45347         43955          3671        726500
玻璃制造                                          629788        540714        163566         89074         87212          4090        625264
玻璃制品制造                                      556883        504655        145523         52228         51601          4989        551531
玻璃纤维和玻璃纤维增强塑料制品制造                  392910        344316        104277         48594         47601          8602        384276
陶资制品制造                                      756714        706493        241799         50221         48803          5995        750597
耐火材料制品制造                                  391242        376058        100501         15184,         14568          2202        388926
石墨及其他非金属矿物制品制造                      1430477       1313360        271776        117117        115529         17631       1411899
黑色金属冶炼和压延加工业                            9678563       9332528        883554        346035        336350         34506       9643604
RR                                               86145         84170         10158          1974          1972            30         86115
A                                             1128768       1074976         92531         53792         51566          4492       1124276
EMT                                       8193223       7909780        750364        283443        (276407         28045,       8164851
铁合金冶炼                                        270428        263602         30501          6827          6406          1939        268363
有色金属冶炼和压延加工业                            6423964       6166638        804307,        (257326        (252184        130919       6289156
常用有色金属冶炼                                 2055158       1987999        248460         67159         64726         24232       2028823
贵金属冶炼                                        614363        602181         57871         12182         11887          9065        605298
稀有稀土金属冶炼                                  345704        324679         39502         21025         (20857         13842        331862
有色金属合金制造                                  515775        473594         99866         42181         41744,         15996,        499643
有色金属压延加工                                 2889997       2775219        358083        114779        112970         67723       2820625
金属制品业                                         7231794       6776676       1906396        455118        444095        106135,       7119892
结构性金属制品制造                               2134869       2032105        515892        102764         99375         12386       2120317
金属工具制造                                      378656        335453        131166,         43202         42677          4127        373605
集装箱及金属包装容器制造                           592506        554714        174210         37791         37091         10787        581588
2EZeReilawe                               467681        434200         91407,         33480         32896          1389        465967
建筑、安全用金属制品制造                           560918        537168        175672         23750         22737          2095        558691
金属表面处理及热处理加工                           467748        449965        100590         17783         17250          2612        464625
aalawe                                       24938         23801          6794          1137          1088           162         ‘24776
金属制日用品制造                                  335505        319657,        114049         15849         15377           388        335118
铸造及其他金属制品制造                            2268974       2089613        596616        179362        175606         72190       2195205
通用设备制造业                                    12189227      11330406       4592685        858822        827505        (272736      11867525
锅炉及原动设备制造                                1334830       1244291        505366         90539         87280         64700       1268520
金属加工机械制造                                  1378746       1277607        497645        101140         99888         62208       1306914
物料搬运设备制造                                  1944940       1865867        682872         79074         75025         26248       1916688
泵、阀门、压缩机及类似机械制造                        2073347        1896909         735930          176438          161234          26610        2044476
aR. HARE                          1062177        921896        344680        140281        139170         36525       1024181
烘炉、风机、包装等设备制造                            1801284        1704578         742894           96707          94765           12909        1759445
文化、办公用机械制造                               311761        296830        165660         14931         14226          4846        306295
通用零部件制造                                   1186852       1081071        396640        105781        102792         10425,       1175391
其他通用设备制造业                                1095290       1041357        520999         53933         53126         (28267       1065615
专用设备制造业                                    11642127      10954521       4761178        687607,        670764        270999      11318447
采矿、冶金、建筑专用设备制造                          2677775        (2553738         895963          124038          117986,           68813        (2575060
化工、木材、非金属加工专用设备制造                    1325710        1225926         536658           99783           98056            8018        1317018
食品、饮料、烟草及词料生产专用设备制造                208821          198517          80359           10304           10076            3320         203935
印刷、制药、 日化及日用品生产专用设备制造           359265       339934        153885         19331         18895         1470       357629
纺织、服装和皮革加工专用设备制造                    325629        311264        123809         14365         14205          3156        322205
电子和电工机械专用设备制造                        1922159       1714795        844831        207364        205772         85000       1837158
Rak. BSR                        439636       421802        167614         17835,         17074         19214       414559
医疗仪器设备及器械制造                            2435807       2311498       1152969        124309        120629         40281       2388429
环保、邮政、社会公共服务及其他专用设备制造           1947326        1877048         805091           70277          68071           41727        1902452
汽车制造业                                        18022429      16807118       6601133       1215311       1177458        163877      17831193
汽车整车制造                                     7922976       7641918       2849065        281058        (259872        109249       7813351
汽车用发动机制造                                  426072        366179        145825         59893         59257          2228        420694
改装汽车制造                                      383073        371916        113399         11157         10606          5129        377038
低速汽车制造                                       47300         27736         11807         19564         19564           646         46655
电车制造                                            5551          4254          1710          1297          1292           123          5428
汽车车身、挂车制造                                 153210        143962         46365          9248          9029          1123        151810
汽车零部件及配件制造                              9084248       8251154       3432962        833094        817838         45380       9016219
铁路、船舶、航空航天和其他运输设备制造业             6231313       5747206       1929692        484107       471892        718418       5488814
电气机械和器材制造业                               23773955      21833597       6990953       1940358       1904385        (258563      (23474239
电机制造                                         2193778       2020620        742529        173158        170083         27978       2162470
输配电及控制设备制造                              8528349       7917178       2355920        611171        602119        146924       8352192
Be. HRT Ha                        3646640        3449234         644482          197407         192374          (25741        3617619
电池制造                                         4799624       4074794       1571346        724830        712726         37956       4761616
家用电力器具制造                                 3399235       3213258       1195164        185977        180442         13287       3381756
非电力家用器具制造                                 177071        170466         60831          6605          6432           975        175699
照明器具制造                                      791000        763027        328867         27973         27200          4558        785775
其他电气机械及器材制造                             (238258        225020         91814         13238         13010          1146        237112
计算机、通信和其他电子设备制造业                   43927705      39936608      18792997       3991098       3934655       1179719      42580316
计算机制造                                       3406201       3245723       1724941        160478        158061         47894       3265849
通信设备制造                                    15916052      14763261       7876852       1152790       1146292        326808      15586349
广播电视设备制造                                  480527        458832        (257813         21695         21404          S767        474760
雷达及醒套设备制造                                259544        245525        105817         14019         13814         13461        244400
SHUTS HE                                1228124       1158918        492629         69205         66115         21882       1205995
SLAB RSH                                 2136600       2052671       1085988         83929         80422         10911       2115162
电子器件制造                                    11232092       9546453       4131605       1685640       1660010        469655      10744207
电子元件及电子专用材料制造                        8057518       7320142       2608198        737376        723751        163257       7871329
其他电子设备制造                                  1209406       1143617        508342         65789         64612        120083       1070622
RE HBL                                     3575131       3366485       1869178        208647        202064         92652       3477198
通用仪器仪表制造                                 2257063       2169433       1236916         87629         83663         57488       2198126
专用仪器仪表制造                                  688580        649958        357173         38622         38110         19402        667135
钟表与计时仪器制造                                  38772         38185         18091           587           546            88         38387
光学仪器制造                                      457261        383262        187742         73999         72076         11975,        443843
衡器制造                                           39515         38374         21370          1141          1134           290         39176
其他仪器仪表制造业                                  93941         87273         47886          6668          6535          3410         90531
其他制造业                                         1034717        883702        308805        151015        149769        130849        901053
日用杂品制造                                      216756        210500         81277          6255          5953           419        216337
核辐射加工                                          8886          4947          1573          3938          3937                        8886
其他未列明制造业                                  809076        668254        (225955,        140822        139878        130430        675830
BRR RSAAR LE                                   886143        832477,        126521         53666         52173          3002        882763
2E RAR AM LINE                             639880        604414         77199         35466         34290          1997        637664
+2 ERNE AM LINE                           246263        228063         49323         18200         17884          1005        245098
金属制品、机械和设备修理业                           256136        235068        105400         21069         20389          1697        (254084
金属制品修理                                        2078          2074           758             4             4                        2078
通用设备修理                                       10748         10640          4837           108           108           112         10637
专用设备修理                                       39759         35769         15413          3990          3987           716         38730
铁路、船舶、航空航天等运输设备修理                 167821        181225         67878         16597         15946,          426        167353
电气设备修理                                       11310         11241          7006            69            67            21         11290
仪器仪表修理                                        4048          3999          2183            48            35           261          3787
其他机械和设备修理业                                20373         20120          7326           253           242           162         20211
电力、热力、燃气及水生产和供应业                    3434837       3083702        973817        351136        335761         26549       3402056
电力、热力生产和供应业                              2675077       2415115        747556        259962        247969         21944       2647195
电力生产                                         1848695       1698085        402606        150610        145399          8878       1834570
电力供应                                          689193        594493        307950         94700         88228         11923        676580
热力生产和供应                                    137189        122537         37000         14652         14343          1143        136045,
WE ea                                    435884        415224        125123         20661         17972          1076        434808
赚气生产和供应业                                  434911        414272        124898         20640         17951          1076        433835
生物质燃气生产和供应业                                973           952           (225            21            21                         973
水的生产和供应业                                    323876        (253363        101137         70513         69820          3529        320052
自来水生产和供应                                   190939        130045,         51583         60894         60577          1517        189128
污水处理及其再生利用                               124681        115920         46764          8761          8386          1761        122920
海水淡化处理                                        1073          1073           438                                      200           873
其他水的处理、利用与分醒                             7183          6325          2352           858           857            50          7133
