1-B-3 ”分行业企业R&D人员情况
RAD                                                R&D人员折合

总 计                                               6396445       1428213       1784759       4465358       4816705
采矿业                                                179810,         19721         51483,         78196        112232
煤炭开采和洗选业                                      99044          3789         23171         28843         58330
烟煤和无烟煤开采洗选                                98208          3732         (22946         28551         57807
褐煤开采洗选                                          678            37           168           207           446
其他煤炭采选                                          158            20            57            85            7
石油和天然气开采业                                    28694          9057         12944         21526         19281
石油开采                                           24750          8127         11011         18955         16933
天然气开采                                           3944           930          1933          2571          2348
黑色金属矿采选业                                       9972          1224          2142          5618          6169
铁矿采选                                            9907          1211          2123          5575          6128
jail s Har Sei                                         57            11            17            =            39
其他黑色金属矿采选                                      8             2             2             4             2
有色金属矿采选业                                      13044,          1378          3273          5775          8740
常用有色金属矿采选                                   6196           705          1582          2721          3928
贵金属矿采选                                         4398           386          1093          1985          3283
稀有稀土金属矿采选                                   2450           287           598          1069          1529
非金属矿采选业                                        11609          1867          (2551          7249          8306
土砂石开采                                           6243          1056          1356          3866          4256
化学矿开采                                          2435           267           524          1613          1817
采盐                                                1762           4           438           999          1390
石棉及其他非金属矿采选                                1169           230           233           ™           842
开采专业及辅助性活动                                  17421          2403          7397          9175         11384,
石油和天然气开采专业及辅助性活动                     17401          2400          7392          9158         11367
其他开采专业及辅助性活动                               20             3             5            7            17
其他条矿业                                              26             3             5            10            23
其他条矿业                                            26             3             5            10            23
制造业                                               6098785       1387367       1684293,       4338884       4635116
农副食品加工业                                       111442         34632         24769         71714         80884
谷物磨制                                            11391          3278          (2587          7021          8115
饲料加工                                           25535          6749          6779         17200         18888
植物油加工                                           6488          1741          1579          4262          4514
制糖业                                              1820           MB           299          1066          1162
屠宰及内类加工                                      25994          8133          4671         15163         18668
水产品加工                                           9795          3848          2040          6363          7111
蔬菜、菌类、水果和坚果加工                               13062            4630            2916            8519            9354
其他农副食品加工                                    17357          5905          3898         12120         13073
食品制造业                                            90830         34641         21397         59507         65026
ee an ale                                        12658          4792          2206          7881          8082
糖果、巧克力及窗贱制造                               5321          2042           835          3138          3872
方便食品制造                                        11924          4425          2095          7126          7475
屯制品制造                                           9290          4196          (2573          5606          6432
BAR aHE                                         5385          1980          1126          3486          4037
调味品、发酵制品制造                                13262          4675          3421          9432         10089
其他食品制造                                        32990         12531          9141         (22838         25038
酒、饮料和精制茶制造业                                43681         12700         10784         (24365         26968
酒的制造                                           25366          7107          6526         13975         15288
饮料制造                                            12420          3627          2755          6519          7305
精制茶加工                                           5895          1966          1503          3871          4376
烟草制品业                                            11160          (2847          4679          5913          7629
烟叶复烤                                             412            90           164           133           163
卷烟制造                                            9895          2533          4218          5120          6915
其他烟草制品制造                                      853           224           297           660           551
纺织业                                              162906         60830         (25262        101670        121957
棉纺织及印染精加工                                  84081         31289         12238         51383         61234
毛纺织及染整精加工                                   6049          2898           889          3655          4674
麻纺织及染整精加工                                   1939           779           282          1085          1403
丝绢纺织及印染精加工                                 3530          1448           426          2013          2729
化纤织造及印染精加工                                20119          7080          2663         12173         15182
Sen OS al a                         10580          4151          1662          6524          8159
家用纺织制成品制造                                  13339          6047          2821          9337,         10399
产业用纺织制成品制造                                23269          7138          4281         15500         18175,
纺织服装、服讳业                                      70350         35028         11337         48594         54113
机织服装制造                                        36638         18551          6253         24785         27284
针织或钩针妨织服装制造                              23984         11982          3431         17758         19185,
服饰制造                                            9728          4495          1653          6051          7645
RE. Sh. VERS HRM                           66682          (25957            8147          47218           51201
RSSalML                                         3388           876           524          (2518          2710
皮革制品制造                                        11772          4229          1896          8115          8609
毛皮县制及制品加工                                   1742           601           413          1198          1261
HED ML Raa                               1827           770           250          1042          1333
cites                                             47953         19481          5064         34345         37288
ARAL AA s fs Bs HRs BE                         39467            9793            7692          23758          29199
木村加工                                            3369           886           758          2042          2385
信造板制造                                         23135          5450          4650         13822         17082
木质制品制造                                         9783          2512          1719          5746          7452
节、芯、棕、草等制品制造                                   3180             945             565            2148            2279
家具制造业                                            57023         14952         10062         39743         43813
木质家具制造                                        29688          7758          5900         19990         22408
ti. Beale                                        650           159            96           443           498
金属家具制造                                        15377          3696          2235         11084,         12250
塑料家具制造                                         1089           404           148           758           827
其他家具制造                                        10219          2935          1683          7468          7830
造纸和纸制品业                                        65012         14953          9761         43483         49745
Hee                                             1616           353           281          1032          1224
造纸                                               33279          6368          5337         (22137         (25379
纸制品制造                                          30117          8232          4143         20314         23141
印刷和记录媒介复制业                                  51743         13739          9306         32743         38746
印刷                                               49081         13085,          8847         31210         36575
装订及印刷相关服务                                   2585           634           434          1470          2100
WRENS Al                                           7            20            25            63            71
文教、工美、体育和娱乐用品制造业                           75631           23362           13486           51088           58523
文教办公用品制造                                     8257          2558          1860          5200          6308
乐器制造                                            2356           584           425          1433          1903
工艺美术及礼仪用品制造                              29906          9811          5546         20228         23349
体育用品制造                                        15282          4311          (2502         10661         11844,
玩具制造                                            15788          5106          2112         10519         12061
游艺器材及娱乐用品制造                               4042           992          1041          3047          3058
石油、煤炭及其他燃料加工业                             46121          7842         10311         (20783         26470
精炼石油产品制造                                    28434          5213          6850         13450         15864
煤炭加工                                            15136          2057          2570          5610          8837
核燃料加工                                           1202           240           559           823           715
生物质燃料加工                                       1349           332           332           900           993
化学原料和化学制品制造业                              332971         82263         92435        225420        251646
基础化学原料制造                                    89164         19423         23231         56796         64492
肥料制造                                           29835          6396          7877         16984         22236
农药制造                                            19478          5589          6068         13755,         14969
涂料、油墨、颜料及类似产品制造                           38236            8643            9841           27910           30215
合成材料制造                                        52138         10419         15158         35206         39481
专用化学产品制造                                    69098         18010         19977         49212         53465
HERG AT Re able                             10405,          (2540          3345          7128          7524
日用化学产品制造                                    24617         11243          6938         18429         19265
医药制造业                                          253459        122873         97117,        188948        191292
化学药品原料药制造                                  50666         19515         18415         36783         39413
化学药品制剂制造                                    63129         35429         26313         48065         46601
中药饮片加工                                        13358          6486          3562          9138          9426
中成药生产                                         43509         22406         15667         30357,         32177
兽用药品制造                                         8362          3770          3237          6245          6091
生物药品制品制造                                    46830         24016         21421         37585         35347
卫生材料及医药用品制造                              21172          9546          6256         15755,         16407
药用辅料及包装材料                                   6433          1705          2246          5020          5829
化学纤维制造业                                        46653         11875          7796         28596         33918
纤维素纤维原料及纤维制造                              5933          1242          1525          4196          2921
合成纤维制造                                        37968          9896          5609         22586         29001
生物基材料制造                                       2752           737           662          1814          1996
橡胶和塑料制品业                                     222293         50792         40787        152162        170960
橡胶制品业                                          58411         14081         11764         39711         44924
塑料制品业                                         163882         36711         29023        112451        126036
+2 EV piled                                     290312         57574         57774        180523        207903
KE. 石灰和石育制造                                40569          5944          5235         15899         23168
石育、水泥制品及类似制品制造                         54855         10384         11786         35169         40412
砖瓦、石材等建筑材料制造                             30601          6301          6936         20425         22699
琉璃制造                                           21125          3272          4159         14315,         16240
玻璃制品制造                                        25847          5455          4383         16964         19263
玻璃纤维和玻璃纤维增强塑料制品制造                   16235          3648          4131         10011         11813
陶资制品制造                                        43672         10927          8474         31152         33273
耐火材料制品制造                                    16119          3177          3415         10144         11982
石墨及其他非金属矿物制品制造                         41289          8466          9255         26444         29054
黑色金属冶炼和压延加工业                              156414         19409         36642         83216        101794
RR                                                (2232           303           298           994          1244
AL                                               19228          (2995          3421         10085,         12388
EMT                                         127547         15035,         31829         68858         83903
铁合金冶炼                                           7407          1076          1094          3279          4259
有色金属冶炼和压延加工业                              144169         (22933         31060         84428        102235,
常用有色金属冶炼                                    49285          5896         11091         23481         32782
贵金属冶炼                                           6837           968          1852          3451          4813
稀有稀土金属冶炼                                     5881          1353          1491          3956          4206
有色金属合金制造                                    14329          2468          3489          9311         10594
有色金属压延加工                                    67693         12196         13086         44099         49724
金属制品业                                          282741         51503         54387,        188020        213223
结构性金属制品制造                                  77397         13419         16178         51772         57805
金属工具制造                                        20400          3985          3919         13581         15550
集装箱及金属包装容器制造                            20454          3277          4782         13177         14956
2EZ8Reilnae                                12502          2331          2173          8463          9250
建筑、安全用金属制品制造                            29783          6034          4863         20213         23022
金属表面处理及热处理加工                             14746          2788          2710         10153         11559
sales                                         1461           284           213           903          1078
金属制日用品制造                                    22506          5532          2673         13692         17462
铸造及其他金属制品制造                              83492         13853         16876         56066         62540
通用设备制造业                                       469080         77297        132305        334311        358481
锅炉及原动设备制造                                  39433          7679         15140         (27807         28771
金属加工机械制造                                    57956          7300         16299         41640         43912
物料搬运设备制造                                    58309          8651         18223         41896         44534
泵、阀门、压缩机及类似机械制造                           83813           14408          20496           57777          65219
aR. Hie                            44381          8070          9384         (29448         34247
烘炉、风机、包装等设备制造                               71693           13486,          21024           52012           55142
文化、办公用机械制造                                14721          3340          4684         11538         11707
通用零部件制造                                      54515          9404         10582         37210         41651
其他通用设备制造业                                  44259          4959         16473         34983         33296
专用设备制造业                                       423103         75829        139584,        318537,        321797
采矿、冶金、建筑专用设备制造                             75048           11046          (26616           54130           56565
化工、木材、非金属加工专用设备制造                       61203            8641           14119          44490          47646
食品、饮料、烟草及词料生产专用设备制造                   9311            1232            2821            6710            7135
印刷、制药、 日化及日用品生产专用设备制造             16287         (2402         4757        12259         12664
纺织、服装和皮革加工专用设备制造                     15258          2408          3616         10697         12162
电子和电工机械专用设备制造                           65036          8326         23908         51871         49417
Ra. BSR                         18603         (2566         5578         13236         14195,
医疗仪器设备及器械制造                              82776         26689         30228         65039         62760
环保、 邮政、社会公共服务及其他专用设备制造              79581           12519          27941           60105           59254
汽车制造业                                          490236         79741        162599        377540        385540
汽车整车制造                                       151866         20287         70282        130211        126302
汽车用发动机制造                                     9445          1591          4065          7518          7393
改装汽车制造                                        10966          1453          4008          8173          8113
低速汽车制造                                         1533           366           750          1301           589
电车制造                                             279            46            88           223           235
汽车车身、挂车制造                                   5644           794          1507          3914          4131
汽车零部件及配件制造                               310503         55204         81899        226200        238777
铁路、船舶、航空航天和其他运输设备制造业              159542         32272         60385        118193        118087
电气机械和器材制造业                                 634928        132340        176372        466686        489251
电机制造                                           69098         13145,         19160         49023         54437
WR Rae we                               211183         41260         64634        154935,        158006
Be. HRA TSH                           71073           17331           16635           52962           58600
电池制造                                           113703         25372         33356         87934         87996
家用电力器具制造                                   103649         (21557         (28472         77305         83061
非电力家用器具制造                                   7286          1485          1600          4948          5831
照明器具制造                                        42866         10341          9475         32174         33692
其他电气机械及器材制造                               10070          1849          3040          7405          7628
计算机、通信和其他电子设备制造业                     1088924        240448        352938        863981        875515
计算机制造                                         114997         25888         39635         94914         91337
通信设备制造                                       282809         54790        106684        236422        244216
广播电视设备制造                                    18872          3864          6761         15365,         15298
雷达及醒套设备制造                                   7559          1584          3558          6308          5793
非专业视听设备制造                                  38012          8271         11714         30011         31154
SLAB RSE                                    69677         16257         (23945         55872         55991
电子器件制造                                       245315         56865         83375        194244        194906
电子元件及电子专用材料制造                          272970         65557         64723        200098        207164
其他电子设备制造                                    38654          7352         12536         30710         (29615
RE HBL                                       151504.         (26334         57043        117818        116909
通用仪器仪表制造                                    94949         15496         35969         73605         73500
专用仪器仪表制造                                    29150          4808         12017         (23437         22494
钟表与计时仪器制造                                   3584           972           604          2802          2793
光学仪器制造                                        17738          4059          6344         13224         13431
衡器制造                                             1967           370           575          1524          1598
其他仪器仪表制造业                                   4116           629          1534          3226          3094
其他制造业                                            32060          8046         10411         22782         22738
日用杂品制造                                        12174          3281          2289          8526          8670
核辐射加工                                           256            54            99           134           219
其他未列明制造业                                    19630          4711          8023         14122         13849
BRR REAR                                    17290          3441          3930         11021         12237
2E RAR AM LINE                               10338          1999          2279          6538          7235
+2 ERNE AM LINE                              6952          1442          1651          4483          5002
金属制品、机械和设备修理业                             11058          1121          3735          6123          7317
金属制品修理                                           73             5            22            63            61
通用设备修理                                          790           100           210           463           491
专用设备修理                                         1868           166           569           905          1260
铁路、船舶、航空航天等运输设备修理                    6082           715          2353          3346          3914
电气设备修理                                         1051            34           227           S77           718
仪器仪表修理                                          249            10            88           144           183
其他机械和设备修理业                                  945            91           266           625           691
FADD 5 Ds ERE an                      117850         21125         48983         48278         69357
电力、热力生产和供应业                                90124         15268         39960         33703         50319
电力生产                                           45729          5052         17625         19498         (26856
电力供应                                           39813          9429         20908         11360         20458
热力生产和供应                                       4582           787          1427          2845          3004
赚气生产和供应业                                      12886          2401          3946          6573          8911
赚气生产和供应业                                    12829          2392          3933          6529          8873
生物质燃气生产和供应业                                 57             9            13            44            38
水的生产和供应业                                      14840          3456          5077          8002         10128
自来水生产和供应                                     7956          2041          2872          4132          5270
污水处理及其再生利用                                 6599          1351          2122          3801          4667
海水淡化处理                                           57            13            20            16            a
其他水的处理、利用与分醒                              228            51            63            53           163
