                                                                                                                               工 业


                                                              continued

                                                                                                                        (10 000 yuan)


 负     债
                               所有者权益        营业收入         营业成本         税金及附加        本年应交        利润总额         利税总额        应付职工薪酬
                                                                                   增值税
  Total        #
                流动负债           Creditors'   Revenue        Cost         Tax         VAT          Total       Total         Total
Liabilities
                  Total         Equity                                and Extra    Payable     After-tax    Pre-tax        Wages
               Circulating                                             Charges                  Profits     Profits
               Liabilities


  340916.2          233135.4     366611.4     754998.5     595182.5       4465.1     16534.0      37153.5     58152.6       101906.6

 1806262.0         1119881.8    2285617.3    4143352.2    3630978.6      22458.2     78890.7    154859.1     256208.0       294942.8

  684907.4          552134.7     830448.9    1793045.4    1431043.4      12432.6     37357.9    144661.2     194451.7       208258.5

  188126.2          118912.2     240848.3     505649.1     385375.8       4262.5     15010.5      78594.4     97867.4        78966.0



  124225.9           85071.1     148729.3     455416.3     362881.5       6280.1      9612.5      30808.9     46701.5        29751.8

 6323885.1         5252739.8    6654597.3   11300306.7    8792452.8      58034.1    198552.0    735933.4     992519.5       817315.7

 3425126.3         2692208.1    4929989.1    5478997.2    3098217.5      46625.1    223625.3    658739.8     928990.2       635250.2

  436105.7          339774.7     681632.1    1027021.4     752783.3       3121.0      7531.3      74493.2     85145.5       102155.1

 2063930.2         1521664.8    1999265.4    4793081.3    3852324.7      35283.7    103648.9    399542.9     538475.5       404708.3

10184812.9         8242604.9    7542964.4   12341661.4   10032727.2     100018.8    301558.2    778209.7    1179786.7      1099646.8

 4385919.4         3339966.8    3398671.5   12596670.2   11008192.0      34808.5     55215.0    120338.8     210362.3       355702.9

 7000207.1         4748590.4    4255415.0   13625384.5   12279123.5      48186.0    171598.0    541180.5     760964.5       692134.7

 3137436.8         2446835.8    2196542.3    6197573.7    5231746.2      31020.7    123218.0    409011.5     563250.2       670874.5

 4493803.8         3732901.4    4169024.5    7914787.6    6368979.4      49278.3    182779.1    594431.2     826488.6       892724.8

 3780927.4         3091259.3    4505043.1    5963936.6    4630667.5      40252.8    114326.7    499818.0     654397.5       620259.6

35948847.2     30978032.3      20228503.3   54689206.3   46623611.1     814398.2    880490.7   1366602.8    3061491.7      4026915.4

 6006810.4         5059462.0    4803200.9   10715370.1    9097399.9      75855.5    242504.1    779464.6    1097824.2      1165738.2



13130069.9     11187230.9       5778752.8   17667958.1   15122693.1      77632.3    342983.4   1497125.4    1917741.1      1003113.1

26060879.9     20245552.8      18306617.2   56597683.8   51890131.5     146397.7    378245.8   2293322.2    2817965.7      2985453.9



 1785562.1         1565447.1    1379110.5    2540825.2    1923557.0      15340.8     75480.0    249733.3     340554.1       330322.0

 1295256.9         1131569.5    1040715.0     936162.6     791223.8       5937.1     18117.3      65318.9     89373.3       237043.1

  369952.6          241080.5     361692.6     933003.9     764559.4       3727.1     16067.8      66093.3     85888.2        79897.7

     74536.3         72219.7      61449.3      92362.0      77674.3        691.6      4461.6       4955.4     10108.6        38292.5

14823223.0         8255945.3   10484115.3   13109590.6   11900303.6      57329.8    300075.7    559654.2     917059.7       932396.6

 2408573.8         1460713.7    1855257.5    4930031.8    4432421.3      14944.5     43943.3    219624.7     278512.5       245412.9

 4348793.8         1810819.7    5141846.8    1081288.8     821849.2      14766.4     28262.1      94172.5    137201.0       243090.5




                                                                                                                                   237
