INDUSTRY


                                             12-1     续表       continued

单位：万元                                                                                                           (10 000 yuan)
                     年末固定资产

      年   份      Year-end Fixed Assets              流动资产合计              主营业务收入               利税总额              利润总额
              原 值                 净 值              Total Circulating     Revenue from       Total Pre-tax     Total Profits
      Year    Original             Net                  Assets         Principal Business      Profits
               Value              Value

      1978          706016               475301               298093              595593             119300
      1980          823370               540178               329897              708120             146213
      1985         1339800               923111               604983             1449426             260677
      1986         1445859               970019               743986             1559353             225749
      1987         1635303               1135872              908572             1897962             251220
      1988         1830786               1254850             1062157             2472560             358610
      1989         2063326               1405200             1441939             2734475             365348
      1990         2314886               1490850             1942657             2782262             253309
      1991         2585930               1647544             2418353             3338105             291455
      1992         2947902               1784094             2852708             4167995             365134
      1993         3424857               2106423             3484050             6124846             551046
      1994         4953046               2967592             4631636             6294911             573144
      1995         7307273               4057468             5702467             7524836             580345
      1996         7708153               5398622             5749079             7113430             480449            -49429
      1997         8578673               5952377             6959065             7981695             460736           -116702
      1998         9866758               6940364             7202796             7809127             393220           -193078
      1999        10840971               7604150             7733524             8546131             572648            -67491
      2000        11515782               7848443             8157646             9593576             855670            156449
      2001        12056356               7958216             8874861            10732455            1016889            238170
      2002        12730167               8282507             9228472            12357157            1320260            405426
      2003        13424490               8576299           10305605             15950727            1910901            859689
      2004        14970250               9738481           11641381             21088433            2420163           1155898
      2005        16779752           11001178              13571979             25151726            2564825           1155912
      2006        20266728           13551444              15484263             32008042            3192103           1557631
      2007        24067348           16421036              18541937             42629860            5025623           2405387
      2008        30254424           20829025              24807777             56676087            6017115           3086786
      2009        34109428           22757818              28630140             66247114            7105030           3560249
      2010        44634155           29639590              36084780             90390303          10118841            5185939
      2011        50234507           30341715              45089210            113823442          11643029            6603471
      2012        58315944           36101279              53572842            128803222          12244123            6453886
      2013        72786258           46301592              62293267            155817793          17342546            9076025
      2014        85835043           54276237              71747271            186886282          22189470          12296456
      2015       103933391           65401572              80949784            209022428          24492098          14118589
      2016       122053328           80001548              92379294            234670318          27647239          16483625
      2017       115697854           72411733              92886887            207724101          24741003          15018747
      2018       119512666           69263522              94867527            202320580          22285896          13310598
      2019       123535800           70277571             103132661            210472464          20489730          12103190
      2020       131337615           68817146             117530672            224927871          22634701          15065319
      2021       138128570           69860124             135039402            268302513          29419650          21337946
      2022       150123053           76165962             146531965            264172780          26325140          18296766
      2023       163230111           82511899             155681245            267570947          22871578          14768447
      2024       160199369           76430901             159404312            262845362          21733042          13677031



218
