POPULATION AND EMPLOYMENT


                3-15 主要年份城镇非私营单位在岗职工工资总额
          Total Wage Bill of On-post Staff and Workers of Urban Non-private
                                 Units in Major Years
单位：万元                                                                                              (10 000 yuan)
                                                                      按产业分
      年   份             合 计                                          By Industry
                        Total
       Year             Wages                 第一产业                    第二产业                   第三产业
                                           Primary Industry       Secondary Industry      Tertiary Industry

       1949                         1368
       1952                        18577
       1957                        37710
       1962                        45532
       1965                        51159
       1970                        60866
       1975                        74645
       1978                        91615
       1980                       159426
       1985                       259688                   4528                  149468                  105692
       1986                       300882                   4960                  177126                  118796
       1987                       349808                   5802                  206458                  137548
       1988                       435140                   6771                  256248                  172121
       1989                       497553                   7713                  294228                  195612
       1990                       573310                   8232                  335056                  230022
       1991                       637968                   9313                  373271                  255384
       1992                       728780                  10757                  415886                  302137
       1993                       831520                   8623                  489684                  333213
       1994                      1144546                  12990                  618503                  513053
       1995                      1309344                  15878                  715405                  578061
       1996                      1454905                  18116                  782060                  654729
       1997                      1580484                  17286                  828011                  735187
       1998                      1588049                  18478                  815904                  753667
       1999                      1606804                  19304                  760591                  826909
       2000                      1732318                  20606                  777295                  934417
       2001                      1941508                  21510                  833110                 1086888
       2002                      2196175                  21857                  921105                 1253213
       2003                      2535070                  22059                 1104724                 1408287
       2004                      2939800                  23358                 1291498                 1624944
       2005                      3458237                  23019                 1503886                 1931332
       2006                      4034057                  26173                 1757357                 2250527
       2007                      4998743                  27226                 2111205                 2860312
       2008                      6137760                  30232                 2592679                 3514849
       2009                      7161387                  31720                 2989883                 4139784
       2010                      8629547                  37250                 3690436                 4901861
       2011                     12522120                  48280                 5980962                 6492878
       2012                     14791899                  42564                 6739973                 8009362
       2013                     18702874                  37727                 8741241                 9923906
       2014                     21584168                  44340                 9680243                11859585
       2015                     23738675                  47745                10266335                13424595
       2016                     25242283                  51015                10480632                14710636
       2017                     26681112                  61493                10267372                16352247
       2018                     29037895                  40636                10551564                18445695
       2019                     30296886                  36353                 9378081                20882452
       2020                     32510819                  24209                 9642323                22844287
       2021                     34711850                  30792                10214390                24466668
       2022                     35861102                  31620                10537327                25292155
       2023                     36004923                  31300                10499437                25474186
       2024                     37044306                  31370                10037809                26975127



72
