                                                                                                                              工 业


                                                         12-6     continued 3

                                                                                                                        (10 000 yuan)


 负     债                                                                                                                应付职工薪
                               所有者权益        营业收入         营业成本         税金及附加        本年应交        利润总额         利税总额
                                                                                                                          酬
                                                                                    增值税
  Total        #
                流动负债           Creditors'   Revenue        Cost         Tax          VAT         Total       Total
Liabilities                                                                                                               Total
                  Total         Equity                                and Extra    Payable     After-tax    Pre-tax
                                                                                                                          Wages
               Circulating                                             Charges                  Profits     Profits
               Liabilities


  320395.7          192032.8     268811.8     646934.7     529706.1       4129.8     13549.4      30274.5     47953.7        99794.3

 1438108.9          771870.0    1784015.5    3065188.3    2638151.5      21125.2     73104.9    123744.5     217974.6       275273.5

  802946.9          635715.1     722162.8    1500825.3    1248304.5       8652.9     24794.8      94168.7    127616.4       174384.0

  216116.0          143118.1     263048.7     448344.0     345325.6       3300.9     12653.6      47080.6     63035.1        78742.6




  375461.9          134871.1     134327.9     468670.1     378113.7      13547.4      6423.1      18060.3     38030.8        35837.1

 5960480.1         4181187.0    6369848.1   10783151.3    8527474.0      52461.3    162768.8    667147.3     882377.4       763490.2

 3447315.7         2517909.4    5590080.7    5097745.6    3048473.4      43299.9    219867.0    506144.0     769310.9       725412.6

  594325.9          524771.7     674719.9    1074899.6     802820.3       4251.4     26872.9      97237.9    128362.2       116225.6

 1823831.6         1347250.2    1848399.5    4439347.5    3638572.6      31316.0     68722.7    330866.7     430905.4       396603.5

10087338.8         7823514.1    7253439.9    9107352.7    7409575.0      84909.0    232509.2    437326.6     754744.8       918493.5

 4026723.7         2978148.6    2666634.7    9934190.0    9035364.6      23443.3     25163.5    -133461.3    -84854.5       569170.2

 5509726.8         3809666.2    3280904.3   14891860.6   13244306.4      51963.7    320072.1    936301.1    1308336.9       570551.4

 2917593.0         2182745.9    2104709.6    4790168.9    4115167.3      25371.8     95824.2    251602.4     372798.4       571667.6

 5075329.8         4305391.7    4350626.3    7136829.8    5827258.4      43605.7    157519.8    492054.9     693180.4       769065.4

 2789037.3         2276665.1    2678201.0    3607714.1    2816485.1      20672.3     67868.7    189935.3     278476.3       449085.6

43189155.2     37345260.5      23157725.6   66769492.5   58066250.9    1042439.4    963861.4   2907951.9    4914252.7      4473323.5

 5858853.4         4781647.4    3918598.2   10828688.1    9245582.4      76976.2    180838.1    686205.6     944019.9      1190543.2




13793311.8     11525188.7       5199797.6   14639914.7   12488886.3      74365.5    302276.1    932459.6    1309101.2       981092.6

23469315.4     17263954.9      18446928.5   56770946.5   52835991.9     137898.8    327208.4   1527947.3    1993054.5      2848631.0




 1799689.1         1534907.9    1701025.3    2454816.4    1824042.0      16515.2     82155.1    249800.4     348470.7       350431.5

 1296504.2         1176965.7     951695.5     667551.7     533182.9       5787.2     34155.5      -2365.5     37577.2       242674.1

  355494.9          222157.6     278134.2     802860.9     695909.6       3195.6      9827.8       2688.6     15712.0        65311.7

     89584.0         82682.8      61596.0     109522.6      89443.6        882.3      6267.7       8665.9     15815.9        41006.9

16324767.9         9130723.8   11370807.7   14022495.4   12550661.5      72223.9    324861.9    816082.2    1213168.0      1000640.5

 2281374.6         1310155.2    2811922.9    5997838.7    5361687.5      13388.3     52685.1    278229.1     344302.5       265356.5

 5258064.5         1847232.8    5005698.7     961860.6     731538.2      14678.9     27687.3      80380.3    122746.5       213269.9



                                                                                                                                  233
