                                                                                                                 工 业


                                                    continued

                                                                                                          (10 000 yuan)

   从业人员             工业总产值            实收资本                                             资    产
   平均人数
     (万人)
    Average            Gross         Paid-in        #
                                                     国家资本           #
                                                                        外商资本          Total           #
                                                                                                       流动资产
  Employment         Industrial      Capital          State             Foreign       Assets          Circulating
(10 000 persons)    Output Value                     Capital            Capital                         Assets


             1.00         779347.9        99425.3                             100.0        707527.5           306606.3

             1.98        4371041.0     1378723.3          20516.7           26432.3       4091880.3          1770786.1

             1.41        1809005.7       244649.2         17645.0            1515.3       1515356.4           676657.3

             0.77         523041.7        56196.2                                          428975.2           198111.4




             0.16         449532.6        69025.8         34340.8                          272956.0           284545.1

             4.21       11801414.4     3132300.5         667314.2          418879.9    12978484.5            5943113.1

             4.09        6015679.7     1335882.5         119511.6            5850.0       8355116.8          4348310.7

             0.38        1044464.0       117456.0                             750.0       1117737.9           571228.7

             3.53        4930214.6     1097925.8          80386.0          192252.7       4063198.2          1995369.5

             8.87       12582138.4     3554542.9         409562.9          109568.6    17728452.0            9278511.8

             1.87       12990196.0     1437687.0          25000.0           53812.7       7784590.8          2617828.2

             2.77       14034427.3     1802302.7         107268.4           47041.9    11255623.1            5824607.3

             5.04        6095018.9       862477.2         75581.4           28913.6       5333981.1          3274258.0

             6.68        7848532.2     1564353.3         632544.8          204833.0       8568368.6          5375319.1

             4.40        6019974.5     1495036.7         545575.6           37191.8       8285971.7          5163829.9

            28.34       47693395.0     7640871.1         944110.1          912007.0    56177366.0          37884222.2

             9.92       11024011.9     1481555.0         331786.8           89013.8    10684703.1            6386631.1




             8.43       14871666.7     1780724.3         115790.1          122195.7    18908826.1          14003325.3

            24.02       57753725.3     9283940.3        3824608.7          598780.6    44367500.7          25707542.3




             2.18        2354862.8       445114.6        106044.7           17770.5       3164673.5          2285517.7

             1.20         966008.3       339003.3         26222.0                         2244001.6          1435204.5

             0.44         968443.1       146300.7         10994.6            1301.4        731645.8           382627.0

             0.23          92172.2        34449.8           800.0                          135985.9           113272.4

             4.45       12739379.2     7142352.0        1909623.5          142417.6    25307339.7            5021053.8

             1.13        4768035.7       722916.1        298890.7           35000.0       4263831.8          1730193.1

             1.35         909067.6     1680354.8         425409.7           93696.0       9490641.0          2696922.3



                                                                                                                    233
