                                                                                                                                          人口与就业


                3-14 主要年份城镇非私营单位在岗职工人数
   Number of On-post Staff and Workers of Urban Non-private Units in Major Years
单位：万人                                                                                                                                  (10 000 persons)
                                                                                                     按产业分
           年    份
                                          合 计                                                       By Industry
                                          Total                        第一产业                         第二产业                            第三产业
             Year
                                                                    Primary Industry            Secondary Industry               Tertiary Industry

             1949                                       5.34
             1952                                      47.62
             1957                                      71.19
             1962                                      80.79
             1965                                      91.96
             1970                                     109.98
             1975                                     127.99
             1978                                     154.44
             1980                                     220.06
             1985                                     257.63                           4.80                       144.90                        107.93
             1986                                     264.01                           4.79                       151.13                        108.09
             1987                                     270.46                           5.39                       153.80                        111.27
             1988                                     277.70                           5.45                       157.28                        114.97
             1989                                     280.69                           5.66                       158.65                        116.38
             1990                                     285.68                           5.68                       159.47                        120.53
             1991                                     293.59                           5.68                       163.94                        123.97
             1992                                     297.07                           5.46                       165.35                        126.26
             1993                                     290.02                           4.16                       164.74                        121.12
             1994                                     293.23                           4.24                       162.90                        126.09
             1995                                     294.25                           4.35                       160.58                        129.32
             1996                                     294.63                           4.43                       159.37                        130.83
             1997                                     289.29                           4.13                       153.73                        131.43
             1998                                     236.61                           3.83                       115.89                        116.89
             1999                                     222.34                           3.58                       106.07                        112.69
             2000                                     208.87                           3.43                        96.01                        109.43
             2001                                     201.23                           2.94                        91.73                        106.56
             2002                                     199.93                           2.64                        92.63                        104.66
             2003                                     204.99                           2.46                        97.56                        104.97
             2004                                     208.04                           2.35                       100.50                        105.19
             2005                                     209.66                           2.14                       101.00                        106.52
             2006                                     212.97                           2.12                       102.22                        108.63
             2007                                     220.84                           1.80                       104.87                        114.17
             2008                                     229.59                           1.80                       108.92                        118.87
             2009                                     234.90                           1.68                       111.88                        121.34
             2010                                     250.22                           1.79                       121.20                        127.23
             2011                                     318.73                           1.52                       172.03                        145.18
             2012                                     334.37                           1.26                       176.74                        156.37
             2013                                     375.36                           1.07                       194.49                        179.80
             2014                                     386.76                           1.15                       196.08                        189.53
             2015                                     385.08                           1.15                       190.33                        193.60
             2016                                     379.66                           1.07                       183.99                        194.60
             2017                                     369.18                           1.13                       171.76                        196.29
             2018                                     356.61                           0.77                       158.58                        197.26
             2019                                     342.07                           0.59                       134.87                        206.61
             2020                                     336.50                           0.37                       133.11                        203.02
             2021                                     329.90                           0.41                       127.29                        202.20
             2022                                     321.66                           0.39                       120.91                        200.36
             2023                                     306.82                           0.40                       109.71                        196.71
             2024                                     304.96                           0.34                       100.27                        204.35

注：“城镇非私营单位”与原“城镇经济单位”口径相同(以下各表同)。
Note: The scope of "urban economic units" is identical to the former "urban non-private units"(the same for the tables below).


                                                                                                                                                     71
