                                                                                                   人口与就业


                3-16 主要年份城镇非私营单位在岗职工平均工资
           Average Wage of On-post Staff and Workers of Urban Non-private
                               Units in Major Years
单位：元                                                                                                      (yuan)
                                                                     按产业分
       年   份           平均工资                                         By Industry
                       Average
       Year             Wages                第一产业                    第二产业                    第三产业
                                          Primary Industry       Secondary Industry       Tertiary Industry

       1949                         284
       1952                         330
       1957                         535
       1962                         448
       1965                         588
       1970                         581
       1975                         588
       1978                         632
       1980                         737
       1985                        1038
       1986                        1154                   1034                     1197                    1100
       1987                        1309                   1140                     1354                    1254
       1988                        1588                   1249                     1647                    1522
       1989                        1782                   1388                     1863                    1691
       1990                        2025                   1452                     2106                    1942
       1991                        2203                   1640                     2308                    2089
       1992                        2468                   1931                     2526                    2415
       1993                        2833                   1793                     2967                    2694
       1994                        3925                   3093                     3776                    4151
       1995                        4508                   3657                     4423                    4527
       1996                        5010                   4127                     4889                    5033
       1997                        5502                   4188                     5412                    5649
       1998                        6433                   4713                     6529                    6394
       1999                        7182                   5296                     7184                    7240
       2000                        8020                   5884                     7704                    8372
       2001                        9523                   6521                     8925                   10053
       2002                       10960                   7587                     9905                   11905
       2003                       12440                   8877                    11425                   13462
       2004                       14357                   9871                    13125                   15624
       2005                       16630                  10676                    14962                   18345
       2006                       19215                  12279                    17434                   21031
       2007                       23098                  14852                    20703                   25401
       2008                       26985                  16571                    24134                   29736
       2009                       30965                  18864                    27445                   34313
       2010                       35326                  20894                    31555                   39043
       2011                       40042                  31868                    35592                   45353
       2012                       45392                  34585                    39477                   52038
       2013                       51015                  36006                    46476                   55913
       2014                       56852                  38346                    50471                   63520
       2015                       62091                  41460                    54308                   69872
       2016                       67386                  48055                    58018                   76267
       2017                       73272                  55424                    60911                   84087
       2018                       81764                  53119                    66592                   94146
       2019                       89714                  61595                    70859                  101982
       2020                       98380                  66407                    74672                  113672
       2021                      106966                  75182                    82381                  122263
       2022                      111424                  81896                    87028                  126224
       2023                      117446                  79645                    95086                  130136
       2024                      121271                  92921                    99690                  131947



                                                                                                              73
