                                                                                                                      工 业


                                               12-6       continued 1

                                                                                                                (10 000 yuan)

   从业人员             工业总产值            实收资本                                                   资    产
   平均人数
     (万人)
    Average            Gross         Paid-in          #
                                                          国家资本          #
                                                                            外商资本            Total           #
                                                                                                             流动资产
  Employment         Industrial      Capital               State            Foreign         Assets          Circulating
(10 000 persons)    Output Value                          Capital           Capital                           Assets


             0.86         672147.3        99776.3               200.0                            589106.7           249939.0

             1.78        3408672.9      1248297.7             17516.7          147938.4         3235703.6          1364046.6

             1.49        1484879.5       260366.6             24529.8            2381.0         1532330.7           895391.9

             0.83         475110.1        48070.6                                                482365.6           253511.3




             0.14         481887.2        91288.3             35243.5                            511321.3           251772.8

             4.00       11662960.8      3023303.2            453686.8          469641.1      12318997.3            5784185.9

             4.13        5593375.9      1616628.1             23069.9            5211.4         9076713.3          4863206.2

             0.43        1216920.2       118496.6                                               1269045.9           675113.5

             3.35        4658073.9      1024295.2             56463.5          177727.0         3694742.3          1957253.4

             8.01        9619196.3      3740274.6            436952.4           62341.1      17425850.0            8939564.6

             1.63       10621193.8       316416.6              5500.0                           6674089.1          2151437.5

             2.87       14049729.3      1325944.0            113820.8           47041.9         8817186.7          5221839.5

             4.58        4635965.9       826419.6             18741.5           29283.2         5026195.9          3196915.7

             6.06        7004692.3      1785655.7            451688.4          219918.6         9494700.3          6258494.9

             3.63        3579136.3       854657.8            205216.5           34046.3         5477270.2          3584543.5

            30.29       59102867.2    25180143.8             828658.6          851729.1      66342637.1          44882917.9

             9.98       10781443.5      1360563.1            165479.1           25553.1         9973922.6          6566468.7




             7.68       12879001.5      1736104.6             93649.3          117381.7      19026938.3          14642765.8

            22.26       55682059.2      9486523.5           3826943.3          749411.2      41993111.6          23679794.5




             2.19        2378290.1       482455.3             89360.5           13852.0         3500621.2          2592229.2

             1.16         660968.0       346558.4                                               2248199.9          1275272.8

             0.39         704355.6       153329.7             14853.8            1301.4          641026.0           318247.2

             0.26         104982.8        34619.8               800.0            1000.0          153255.9           131539.2

             4.38       14107310.8      8246932.8           2025178.3           24547.4      27710526.5            5058588.7

             1.10        5833085.2      1003283.1            192164.8                 3.5       5094179.3          1647463.7

             1.26         828973.1      1626962.7            883917.2          113696.0      10600237.6            3239729.1



                                                                                                                          229
