2-12 ATM (大类) 、控股情况分组的企业法人单位数
企业法人
总 计                                                      29803508       305763       150023     29078984       148287       116502
Lae Se ae bla                                      A       115699,         1826         2903       110692,          174          104
农业                                                01          301          106           13          178           NA          NA
林业                                                02          139           96            4           39
畜牧业                                              03          176            7            4          161           NA          NA
渔业                                                04           56            6            .           45
Re aR. Ae. BSE RADE Bah                       05       115027         1611         2877       110269          170          100
采矿业                                                B        51567         3261          946        47102          170           88
煤炭开采和洗选业                                    06         9557         1272          196         8053           21           15
石油和天然气开采业                                   07          418          148           NA          (251            6           10
黑色金属矿采选业                                    08         6890          231          173         6458           22            6
有色金属矿采选业                                    09         4681          381          134         4107           39           20
SEW RL                                      10        24719         1067          400        23148           76           28
开采专业及辅助性活动                                 11         4022           95           25         3889            §            8
其他采矿业                                          12         1280           67           15         1196           NA          NA
制造业                                                村      4016224        22354        18789      3899786,        39077        36184
农副食品加工业                                      13       154039         1981         1498       148614          871         1075
食品制造业                                          14        82181          646          430        79213          933          959
酒、饮料和精制茶制造业                               15        70003          797          763        67410          507          525
烟草制品业                                          16          272           92            6          171           NA
纺织业                                              17       148977          305          544       145249         1880          999
纺织服装、服讳业                                     18       194662          479          620       189338         2712         1513
皮革、毛皮、羽毛及其制品和制鞋业                         19          88204             73            208          85855           1402            665
AMAIA s 1. Be. te. SHE                    20       132134          290          402       130800          369          273
家具制造业                                          21       108620           54          147       107205          761          453
造纸和纸制品业                                      22        90496          179          524        88455          948          389
印刷和记录媒介复制业                                 23        91452          807,         1384        88326          650          284
文教、工美、体育和娱乐用品制造业                         24         149352            177            473         144833           2429           1440
石油、煤炭及其他燃料加工业                           25        14675          339          122        14034           7          103
化学原料和化学制品制造业                             26       118383         1791         1074       111633         1817         2067
医药制造业                                          27        32996          691          231        30847          577          644
化学纤维制造业                                      28         8141           95           36         7766          144          100
橡胶和塑料制品业                                    29       239821          466         1010       233138         3135         2072
+2 RV pela                                    30       306359         3409         1851       298454         1503         1141
黑色金属冶炼和压延加工业                             31        24403          341          131        23577          169          185
有色金属冶炼和压延加工业                             32        33059          690          221        31535          299          33
金属制品业                                          33       454993          992         1589       447237         2928         2246
通用设备制造业                                      34       428751         1306         1787       419276         2429         3951
专用设备制造业                                      了       304134         1343          914       (295975         2644         3254
汽车制造业                                          36        94150         1053          388        88545         1045,         3117
铁路、船舶、航空航天和其他运输设备制造业              7        35738          552          196        34095          389          505
电气机械和器材制造业                                 38       256300         1126          931       248563         2962         2715
计算机、通信和其他电子设备制造业                      39       173480         1131          394       164236         3977         3734
仪器仪表制造业                                      40        60841          332          264        58548          776          921
其他制造业                                          41        29934           71           89        29056          466          (252
BRR RSAAR LE                                  42        22385          MT          117        21768           90           63
金属制品、机械和设备修理业                           43        67289          399          445        66034          185          226
HDDs A). ET Rk an Bk                      D       131826,        20773        10386        97950         1832          884
电力、热力生产和供应业                               44        91450        12379         8041        69614         1054          362
eS a                                    45        10423         1464          149         8115          413          282
水的生产和供应业                                    46        29953         6930         2196        20221          365          240
建筑业                                                E      2721969        19042         7607      2692656         1956,          703
房屋建筑业                                          47       796635         6438         3526       786177          374          118
土木工程建筑业                                      48       553850         9660         2183       541499          360          145,
建筑安装业                                          49       284399         1352          826       281711          281          229
建筑装饰、装修和其他建筑业                           50      1087085         1592         1072      1083269          941          211
批发和零售业                                          F     10048930,        41597        34827      9903205        33504,        35767
批发业                                              51      5400198        27919        17538      5301800        (23451        (29467
零售业                                              52      4648732        13678        17289      4601405        10053         6300
交通运输、仓信和邮政业                                G       930938        17950         5003,       901207         4153         2620
铁路运输业                                          53          402          375            9           14          NA          NA
道路运输业                                          54       629929         7958         (2987       617247,         1222          514
水上运输业                                          55        18548         1091          358        16837          148          114
航空运输业                                          56         3993          525           26         3382           27           33
管道运输业                                          57          426          114            了          288            §           12
多式联运和运输代理业                                 58       143708         1514          211       139009         1683         1289
See WS HL                                    59       103749         5644         1357        95074         1028          644
邮政业                                              60        30183          729           48        29356           37           13
BMRA                                          H       710235,         7331         3221       693711         3476         2490
fei                                              61       190697         4813         1743       182847          888          406
餐饮业                                              62       519538         2518         1478       510864         (2588         2084
信息传输、软件和信息技术服务业                         i      1689565,         9014         1901      1660178        11203,         7263
Bia. 广播电视和卫星传输服务                        63        35867        (2627         294        32417         322         206
互联网和相关服务                                    64       (278136         1420          251       274890         1106          468
软件和信息技术服务业                                 65      1375562         4967         1356      1352871         9775         6589
全融业                                                J       106665,        25081         1281        72041         2702         1734
货币金融服务                                        66        29332        10744          794        14540         1999          796
资本市场服务                                        67        50860         4384          138        45268          490          392
保险业                                              68        17157         8458          269         4702           82          495
其他金融业                                          69         9316         1495,           80         7531          131           51
房地产业                                              K      1038453,        38213,        19239,       965025        11766,         4190
房地产业                                            70      1038453        38213        19239       965025        11766         4190
租赁和商务服务业                                      L      3883704,        51137        26539,      3772253,        21523,        12243
租赁业                                              71       503280         1964          807       499440          710          359
商务服务业                                          72      3380424        49173        25732      3272813        20813        11884
科学研究和技术服务业                                  M      2014288        22256         7188      1964838        10938         9064
研究和试验发展                                      73       (218527         1540          590       211788         (2229         2377
专业技术服务业                                      4       930820        15827         325       904850         3872         3145
科技推广和应用服务业                                 和       864941         4889         M73       848200         4837         3542
水利、环境和公共设施管理业                            N       193720,        11907         2967       178101          506,          239
水利管理业                                          76         7419         1343          255         5795           11           15
生态保护和环境治理业                                 77        35353         1548          224        33271          188          122
公共设施管理业                                      78       142446         7489         2172       132384          301          100
土地管理业                                          79         8502         1527          316         6651            6           NA
居民服务、修理和其他服务业                            oO       870379,         2675         3458       861781         1563,          902
居民服务业                                          80       434465         1423         1794       429869          907,          472
机动车、电子产品和日用产品修理业                      81       309673          710         1059       307255          377          272
其他服务业                                          82       126241          542          605       124657          279          158
教育                                                  P       356766         1694          804       353223,          610          434
教育                                                83       356766         1694          804       353223          610          434
卫生和社会工作                                        Q       167292         1101          693,       164934,          341          223
卫生                                                84       135250          603          406       133905,          207          129
社会工作                                            85        32042          498          287        31029          134           94
文化、体育和娱乐业                                    R       755288,         8551         2271       740301         2793,         1370
新闻和出版业                                        86         6237         2022          149         4045           12            9
广播、电视、电影和录音制作业                        87        99229         2428          263        96145          287          106
文化艺术业                                          88       170828         2067          477       167447          580          257
体育                                                89        94629          612          182        92980          454          400
娱乐业                                              90       384365         1422         1200       379684         1460          598
