1-E-3 分行业企业自主知识产权及相关情况
行业                       申请数    ea       ea       rane
es a 商标数。 | 。 标准
)          eh)          oH
总 计                                             1565960       613602      2227602      1494057        50424
采矿业                                               19326         9643        23704         1992          448
煤炭开采和洗选业                                      6614         2128         3769          651           57
烟煤和无烟煤开采洗选                                6188         1969         3597          646           57
WF                                        416          159          137            5
其他悍关采寺                                         10                        36
石油和天然气开采业                                    5247         3849         9071            2          192
石油开采                                           4012         2846         7528                        90
天然气开采                                         1235         1003         1543            2          102
黑色金属矿采选业                                      1567          719         3103          396           28
铁矿采选                                           1555          714         3077          392           28
ew aa                                        2            5           2%            4
有色金属矿采选业                                      1683          463         1633          (259           24
党用有色全属矿条计                                   809          260          924           97            7
贵金属矿采选                                        549          100          443            9            &
稀有稀土金属矿采选                                   325          103          266          153           12
非金属矿采选业                                        1670          478         1465          498           20
土砂石开有条                                          987          250          811          148            2
化学矿开采                                          264           90          276           31            了
采盐                                                266           88          196          292            8
BARROS MIR                               153           50          182           Pa            3
开采专业及辅助性活动                                  2542         2003         4660          186          127
石油和天然气开采专业及辅助性活动                     2516         1996         4652          186          127
其他开采专业及铺助性活动                              26            7            8
其他来矿业                                              3            3            3
其他条矿业                                            3            3            3
制造业                                             1488008       562766      2130386      1489176        48468
农副食品加工业                                       16990         4610        20586        47854          576
谷物磨制                                           2318          704         2480         5247           37
饲料加工                                           4306         1305         5855        10729          109
植物油加工                                         1438          385         1932         4392           79
制糖业                                              186           26          195,          411           15
屠宰及内类加工                                     2674          656         2800         9792          136
水产品加工                                         1186          275         1438         2759           41
蔬菜、菌类、水果和坚果加工                               2440            593          2550           6574             64
其他农副食品加工                                   2442          666         3336         7950           95
食品制造业                                          15884         5204        23987        95349          696
eee anal                                       1558          330         1506         7778           34
糖果、巧克力及密贱制造                               694          145          850         4978           26
方便食品制造                                       1808          384         1737         6864           71
屯制品制造                                         2186          775         3193        18907           59
兆头食品制造                                        688          138          726         3436           45
Pe                                2244          696         3871        12671           四
其他食品制造                                       6706         2736        12104        40715          387
酒、饮料和精制茶制造业                                6457         1617         6961        70848          269
酒的制造                                           2579          649         2798        46096          149
饮料制造                                           1823          414         2035        14144           56
精制茶加工                                         2055          554         2128        10608           64
烟草制品业                                          11044         4060        10651        28179          132
烟叶复烤                                            110           39          146                        18
卷烟制造                                          10522         3829         9978        27412          106
SOREN aH                                    412          192          sor          767            8
纺织业                                              21268         4909        (22655        20898          712
棉纺织及印染精加工                                  7489         1887         8123         6240          277
毛纺织及染整精加工                                   716          203          833          937,           31
麻纺织及染整精加工                                   327           59          342          162           10
丝绢纺织及印染精加工                                 434          105          617          754           24
化纤织造及印染精加工                                2849          663         2840         1437          105,
SHORES RIO AEA                         1492          249         1274          64           45
家用纺织制成品制造                                  2299          513         2483         5543           71
产业用纺织制成品制造                                5662         1230         6143         4961          239
纺织服装、服讳业                                      8824         1622         7054        (29367          MT
机织服装制造                                       5091          975         4148        17188          178
针织或鬼针编织服装制千                              2480          417         2079         9469          156
服饰制造                                           1253          230          827         2710           13
SM Ee. DE RMALRIONIEL                       8367         1152         5205        14179          214
RSRalML                                        270           73          551          249           35
皮革制品制造                                       (2204          267         1374         (2531           24
毛皮县制及制品加工                                   168           22          262          204           7
羽毛!绒) 加工及制品制造                               269           55          216          337,            2
tesla                                             5456          735         2802        10858          136
MMAR ths Bs ABS RUBIA                   sr7a        1376        5478        7702         435
木村加工                                            470          121          461          923          152
信造板制造                                         2716          666         2238         3555          131
木质制品制造                                       1935          437         2135         2515          136
Hs Re AR RAL                           653         152         644         709          16
家具制造业                                          17590         2358        10191        22460          365
木质家具制造                                       8130          965         4859        12736          226
ti. BRewle                                      203           19          102           58            6
金属家具制造                                       4868          787         2878         3158           68
塑料家具制造                                        314           33          171          257           13
其他家具制造                                       4075          554         2181         6251           52
造纸和纸制品业                                       10689         2324        11963        12612          328
纸浆制造                                            211           47          433          165            3
造纸                                               3950          982         5438         3548          194
纸制品制造                                         6528         1295         6092         8899          131
印刷和记录媒介复制业                                 10655,         2307        12245,         4263          233
印刷                                              10314         2209        11768         3994          226
装订及印刷相关服务                                   298           85          385          248            2
aR EB                                         43           8           92           2            5
文教、工美、体育和娱乐用品制造业                          17635          2720          14228         33462            500
文教办公用品制造                                   2732          448         2210         9375           79
乐器制造                                            550           57          628         1028           39
工艺美术及礼仪用品制造                              6486         1025         4688         7800          150
体育用品制造                                       3198          519         2584         4652          129
玩具制造                                           3406          448         3190         8869           25
游艺器材及娱乐用品制造                              1263          223          928         1738           78
石油、煤炭及其他燃料加工业                            5266         2098         7921         3781          126
精炼石油产品制造                                    3268         1657         6536         3383           83
煤炭加工                                           1611          338         1030          32           32
eee                                           45            9            8
生物质燃料加工                                      372           94          MT           86           11
化学原料和化学制品制造业                             66480        28055       113474,       144633         4269
基础化学原料制造                                   14846,         5587        21208         7740          751
肥料制造                                           4376         1258         6110        11220          196
农药制造                                           3072         1666         7501        44166          407
FH mE. BAIN                       8187         3a449        17245        14940          ear
合成材料制造                                      11708         5511        17582         8949          605
专用化学产品制造                                   17303         7929        33177        15598         1151
昨药、火工及焰火产品制造                            1025          227         1212          553           29
日用化学产品制造                                    5963         2428         9439        41467          283
医药制造业                                          34308        17766        81600       167932         3959
化学药品原料药制造                                  5236         2796        13794         9726          480
化学药品制剂制造                                    7189         4703        19641        55597         1668
中药饮片加工                                       2609          877         3704         6385          284
中成药生产                                         5165         2433        15729        47551          813
兽用药品制造                                       1495          752         4549         7741          199
生物药品制品制造                                    6389         4178        15575,        (25029          379
卫生材料及医药用品制造                              5133         1670         7095        14355,          111
药用辅料及包装材料                                  1092          357         1513         1548           25
化学纤维制造业                                       5194         1743         7523         5249          494
纤维素纤维原料及纤维制造                             680          210          97          873           59
合成纤维制造                                       3892         1275         5574         2754          370
生物基材料制造                                      622          258          972         1622           65
RBH wR                                     54614        12981        60608        43693         1692
橡胶制品业                                        10735         2768        11790        11697          526
塑料制品业                                        43879        10213        48818        31996         1166
+2 EV pala                                     61783        16490        68978        36738         2036
水泥、 石灰和石育制造                                4433          692         2836         1016           75
BA CR BIR BA ALR                        12966         3084        12670         4849          346
砖瓦、石材等建筑材料制造                            7940         2169         9824         7885          335
玻璃制造                                           4172         1354         4278         1392          124
Bt aa ale                                       5314         1272         6133         2409          107
1S aT EBD ML                   3500         1069         5085         3145          453
陶资制品制造                                       8641         2245         9123        10546          244
耐火材料制品制造                                   4074         1138         5811         1328          207
石时及其他和金属矿物制品届千                        10743         3467        43218         4168          445
黑色金属冶炼和压延加工业                             26053        11221        31917         4002          622
RR                                                229           79          202           31            2
AL                                               1806          608         1574           98           41
铀压延加工                                        23083        10353        29127         3736          524
铁合金冶炼                                          935          181         1014          137           55
有色金属冶炼和压延加工业                             (25074         8299        31028        11179         1230
常用有色金属冶炼                                    6686         2159         5146         1261          215
Seba                                          595          192         1045          675           60
稀有稀土金属冶炼                                    1265          651         3122          600          137
有色金属合金制造                                    3771         1523         6404         1138          196
有色金属压延加工                                   12757         3774        15311         7505          622
金属制品业                                          69091        15528        74624        42594         1823
结构性金属制品制造                                 19759         4391        20741         9317          291
金属工具制造                                       5459         1329         6668         6541          243
集装箱及金属包装容器制造                            4811         1269         5638         1473          (259
2EZ8Reilaae                                2582          664         2986          884          131
建筑、安全用金属制品制造                            8973         1514         8626         8437          226
金属表面处理及热处理加工                            3504,          746         3688          991           73
seals                                        (246           38          235          110           12
金属制日用品制造                                    6237          925         3988         8856          100
铸造及其他金属制品制造                             17520         4652        22054         5985          488
通用设备制造业                                      136327        41253       169207        76044         5334
锅炉及原动设备制造                                  9577         3850        14592         4594          454
金属加工机械制造                                   17452         4952        23173         8903          577
物料搬运设备制造                                   15428         4779        20388         8009          841
FR]. BRA                         23067          6256         26560          14646           1110
轴承、贞轮和传动部件制造                            9210         2176         9831         470          583
烘炉、风机、包装等设备制造                             24555           7591         29065          16258            940
文化、办公用机械制造                                4060         1434         8157         4626          166
通用零部件制造                                     15731         3707        16781         4891          280
其他通用设备制造业                                 17247         6508        20660         9947          383
专用设备制造业                                      146402        50378       187218        97969         3700
采矿、冶金、建筑专用设备制造                           23903           8546         29852           7435            785
dL, ESM SR                  17239         4556        21137         5261          542
RA ORE eRe               3189          828         4748         1954          127
印刷、制药、 日化及日用品生产专用设备制造                6008           1568           7200          2437            188
S580. 服装和皮革加工专用设备制造                     4278         1068         6190         3034          224
电子和电工机械专用设备制造                         24178         9046        27075         8915          241
农、林、妆、渔专用机械制造                          6141         1427         6220         4629          139
医疗仪器设备及器械制造                             31850        13393        42700        46064          611
环保、邮政、社会公共服务及其他专用设备制造            29622           9946         42096          18043            843
汽车制造业                                         108329        44398       107857        69613         1780
汽车整车制造                                      37614        24092        34280        44851          483
汽车用发动机制造                                   2707         1061         1459          318           23
改装汽车制造                                       3250          812         5333         1731          130
低速汽车制造                                        222           75          130           90            &
电车制造                                            118           33          188           94            1
汽车车身、挂车制造                                  1258          307         1690          869           15
汽车零部件及配件制造                               63160        18018        64777        21660         1123
CO eee cs              29716        40567        40155        4000          707
电气机械和器材制造业                                239281        86380       271989       130203         6458
电机制造                                          15434,         4856        20996         7766          806
i Raa we                               59290        19499        67768        30286         2318
Be. HRA TSH a                         18181           5673         22471          11370           1070
电池制造                                          51536        (24583        48119        12141          449
家用电力器具制造                                   72476        27149        90438        48783         1123
非电力家用器具制造                                  2905          612         2738         2581          158
照明器具制造                                      16278         3132        15839        14865          389
Sefer ALE HB                              3181          876         3620         2411          145
计算机、通信和其他电子设备制造业                     271007       160017       652396       215119         6527
计算机制造                                        23950        11954        45816        19405,          300
通信设备制造                                      76046        63256       313643       100569          821
广播电视设备制造                                    5613         2338         7584         6032           82
雷达及醒套设备制造                                  1277          691         1838          892           14
非专业视听设备制造                                  8622         3666        16458         7270           90
SLAB RSE                                  (22529         9544        23389        29331          316
电子器件制造                                      70068        43458       155861        22806          761
电子元件及电子专用材料制造                         50951        21078        74442        17809         3934
其他电子设备制造                                   11951         4032        13365        11005,          209
RE HBL                                      45748        17801        59786        (29527         2568
通用仪器仪表制造                                   30348        12077        39980        18274         1974
专用仪器仪表制造                                    8178         3063        10580         6604          312
去与计时仪器制造                                   975          142          800         4307           79
光学仪器制造                                       4033         1765         5588         1577          101
衡器制造                                            734          185          695         1104           18
s(t ae                                  1480          569         2143          661           84
其他制造业                                           5512         1327         5511         7412           83
日用杂品制造                                       3507          837         3085         5109           31
核辐射加工                                           55           14           13
其他未列明制造业                                    1950          476         2413         2303           52
BRR REAR                                    4435         1570         5283         1023          153
2E RAR AM LINE                              (2287          832         2453          396           85
$2Manion mle                            2148          738         2830          ez7           68
SIRNA NLR AOO EIB                            2211          635         2107          292           40
全属制品修理                                         68           16           39           45            2
通用设备信理                                        149           a           99           63            2
专用设备修理                                        594          210          682           72           10
CO eee                   1029          266          889           90           2
电气设备们理                                        208           80          116           14
eer]                                         1            4           50            1
其他机械和设备信理业                                 152           22          232           37            3
电力、热力、丫气及水生产和供应业                     58626        41193        73512         2889         1508
电力、热力生产和供应业                               54785        40126        69637         1284         1356
电力生产                                          18873         8419         9011          871          160
电力供应                                          34903        31443        59533          331         1177
热力生产和供应                                      1009          264         1093           82           19
SE ea                                      1491          343         1293          543           45
赚气生产和供应业                                    1476          335         1280          542           45
Aeon HOLL                                45            8           1            1
水的生产和供应业                                     2350          724         2582         1062          107
自来水生产和供应                                     653          174          392          286           25
污水处理及其再生利用                                1622          509         2093          714           71
海水淡化处理                                         2           10           22           2            4
其他水的处理、利用与分本                              a7           31           65           37            7
