1-D-3 ”分行业企业新产品开发及销售情况
新产品开发    新产品开发    新产品
行业                      项 目 数      经费支出       销售收入
el gp                                              1204643 275638464 3413340364 © 554797551
RW AE                                                  9767       2934287      24536954         90002
煤炭开采和洗选业                                       2998       1082227       7460251
烟煤和无烟煤开采洗选                                 2960       1063285,       7168867
神煤开采洗先                                           31         14492        286084
SERIA                                            更          4450          6300
石油和天然气开采业                                      939        482290       4494026
石油开采                                             589        253686        677366
天然气开采                                           350        228604        816670
黑色金属矿条选业                                        882        310814       3976132          2219
铁矿采先                                             857        299777       3900542          2219
SEW RW                                         24         10992         75590
其他黑色金属矿采选                                      1            45
有色金属矿条选业                                       1329        317939       3897239         23048
常用有色爹属矿采先                                    663        145395       1559340          7347
贵金属矿采先                                          316         96805       1268260
BABLSEC RE                                    360         75739       1069660         16701
丰全属矿采选业                                         1717        298725       4817117         58465
土砂石开采                                           1136        184360       2647185         16527
化学矿开采                                            134         45864        928211            63
Ra                                                 194         30671        631823         17218
BARE WES ET RE                                253         37830        709929         24668
开采专业及辅助性活动                                   1898        441192       2873500          6270
石油和天然气开采专业及辅助性活动                      1894        440701       2873500          6270
其他开采专业及辅助性活动                                4           491
其他条矿业                                               4          1101         18689
其他条矿业                                             4          1101         18689
制造业                                               1180044 269922184 。 3369922062 554596918,
农副食品加工业                                        25943       4849945      73961611       2214681
谷物采制                                            3173        593435       9609723          6133
饲料加工                                            7538       1438115      19591164        301117
植物油加工                                           1880        431637       8585728         29902
制糖业                                               218         52744        375534          3125
展宰及内类加工                                       4443        946799      19659724        320266
水产品加工                                          2208        299340       2660402        580345
BR. BA. KRERML                            3163        430344       4775244        645757
其他农副食品加工                                     3320        657532       8704102        328037
食品制造业                                           21050       2880018,      36586365       3140461
焙烤食品制千                                        2671        303154       3306106         30254
糖果、巧克力及室钱制造                               1268        153047       1995344         79883
方便食品制造                                        2268        282060       3361482         51078
到制品制造                                          2100        358261       6384775          3741
BARRE                                          996        133899       1689370        218094
调味品、发醇制品制造                                 3123        504637       6366140        896682
其他食品制造                                         8624       1144961      13472148,       1860729
酒、饮料和精制茶制造业                                 7712       1330739      18597986,        420108
酒的制造                                            2629        682639      11699235        227044
饮料制造                                            2746        375885       4113233,         72138
精制茶加工                                          2337        272215       2785618        120926
烟草制品业                                            2218        406237       8473870        750786
烟叶复烤                                              42          1623         23724
卷烟制造                                            1971        372975       8235135        718838
其他曙草制品制造                                      205         31640        216011         31946
纺织业                                               29727       4309865,      56086742       8044827
棉纺织及印染精加工                                  10761       2062337 «= 28275594       3455108
毛纺织及染整精加工                                   1098        165348       2202642        317876
麻纺织及染整精加工                                    338         55253        749185         81531
丝绢纺织及印染精加工                                  711         99778       1316431         56083
化纤织造及印染精加工                                 4068        533305       6346275        677874
针织或钩针编织物及其制品制造                          2811        327844       3092836        585282
家用纺织制成品制造                                   3060        356935       4650793       1351704
产业用纺织制成品制造                                 6880        709066       8453086       1519669
纺织服装、服讳业                                      12121       1580761      21559439       4036738
机织服装制造                                         5619        801572      12037797       1556671
针织或铭针编织服装制造                               4384        561828       7232443       1838445
服饰制造                                            2118        217361       2289200        640621
皮革、毛皮、羽毛及其制品和制鞋业                       10844       1478450      16158164       3149245
REBT                                          645        101576       1630502        167313
皮革制品制造                                        2805        305818       3636651        862216
SERNRABML                                    198         35644        596217        160595
TIE HD ML Rw BS                                371         54290       1089184        120262
制鞋业                                              6825        981122       9305610       1848870
木材加工和木、竹、芯、棕、草制品业                     8388       1194531      17512626       1047763
木材加工                                             802        106982       1239273,         76210
人造板制造                                          4482        712852      11444912        335904
木质制品制造                                        2345        279202       3743688        511963
th BG. SSS                            759        95496       1084754        123687
家具制造业                                            13459       1613569      18765994       4276509
木质家具制千                                         6709        833176      11237431       1135932
th BREW                                        180         18315        147889         45591
金属家具制千                                         3644        453096       4299329       1988028,
塑料家具制千                                          332         32832        219436        102934
其他家具制千                                        2594        276150       2861910       1004024
造纸和纸制品业                                        13381       2734531      44388762       2620101
Rw                                             129         48227        647708         47109
造纸                                                4875       1623848,      30869594       1466551
级制品制造                                          8377       1062456      12871463       1136442
Enna RAs SE                                  11257       1377677      16645074       2238363,
印刷                                               10948       1317987      16650807       1951740
装订及印刷相关服务                                    283         57314        980885        286268
记录焊介复制                                          26          2376         13382          1355
文教、工美、体育和娱乐用品制造业                       17116       1970785      21594765       6551156
文教办公用品制造                                     2456        232529       3063291        534987
乐器制造                                             500         50994        382088        116755
工艺美术及礼仪用品制造                               6190        767385       9166898       2360775
体育用品制千                                         3410        412132       3463669       1434498
玩具制造                                            3423        365030       4126236       1644666,
游艺器村及娱乐用品制千                               1137        142716       1392684        469506
石油、煤炭及其他燃料加工业                              5135       2874527      72668181       1768973,
PRowE aw                                     3692       2084448      60665624       1249496
煤炭加工                                             955        737584      10985168        226139
核燃料加工                                            145          2361
生物质燃料加工                                        443         50134       1017389        293337
化学原料和化学制品制造业                              73792      15167831 250029188      19814824
基础化学原料制造                                    12662       4496580      99076995       6676050
肥料制造                                            4010       1093858      20366345        482532
农药制造                                            3988        710760      11011430       2712606
涂料、油墨、颜料及类似产品制造                       11804       1505732      17431395       1102782
合成材料制造                                        11887       3179382      49356841       4304131
专用化学产品制造                                    20204       3078550      40502722       3287739
昨药、火工及焰火产品制造                              1542        233068       3268129         57956
日用化学产品制造                                     7695        869901       9015332       1221129
医药制造业                                           62793      13293840      89334805       9001593
化学药品原料药制造                                   9105       1450922      19384043,       5612690
化学药品制剂制造                                    18598       4470056      26486625        593075
中药饮片加工                                        2909        404090       4998411         23624
中成药生产                                          10386       1419257      19020247        161063
兽用药品制造                                         3373        287525       2014224        202170
生物药品制品制造                                    10738       4393163,      10937908,        861515
卫生材料及医药用品制千                               6506        714385       4661035       1159399
药用辅料及包装材料                                   1208        164443       1832412        498068
化学纤维制造业                                         6322       2000006      34526022       2350390
纤维素纤维原料及纤维制造                              599        188613       4154266        316085
合成纤维制造                                         5141       1722066      28660185       1873087
生物基材料制造                                        582         89326       1711571        161218
PRA BLL                                      59633       7611773      90073208      16894346
攀腕制品业                                          10766       2067680      28887306       8385963
塑料制品业                                         48867       5544094      61185903       8508383
非全属矿物制品业                                      59050       9836847 129220885       6564085
AR. 石灰和石育制造                                 4059       1046268      10346470            89
石育、水泥制品及类似制品制造                             14909        2007648       22227821          122582
BR. BHSBRN BE                             9294       1075182      12617994        328787
UHL                                            3309        742904      11666228,        804761
玻璃制品制造                                         5054        871344      14644977       1565255
玻璃纤维和玻璃纤维增强塑料制品制造                    3513        519661       6529282        773282
陶资制品制造                                         6612       1122678      15138668,       1096877
耐火村料制品制造                                     3716        542655       6123283        450177
石墨及其他非金属矿物制品制造                          8584       1908508      29927203       1422304
SESE anew                               18824      15090033 196720033       7503718
ad                                                 131         77680       1448564
SR                                                1311       2024624      25002478        788624
铀压延加工                                          16758      12682486 165605838       6638092
RASA                                           624        305234       4663183,         77100
ARSE AOE ML                              22629       8303384 165679614       6787936
SRRESE AS                                     3254       2104269      53375388       2322743
贵金属冶炼                                           486        410144      11140119          9973
BABLSE A                                     1094        430760       9260192        218501
 有色金属合金制造                                     3556        798305      10693194        456679
有色金属压延加工                                    14232       4559906      81210723       3781138
金属制品业                                           73339       9502391 116655350      15497140
SHES EBA                                  20503       2770904      33994414       2566932
爹属工具制造                                         5873        609662       5636944       1336897
集装箱及金属包装容器制造                             4536        722832       9902222       2566108,
金属丝旨及其制品制造                                 2890        571706       9904771        656302
建筑、安全用金属制品制造                             9299        874214       9788911       1899629
人金属表面处理及热处理加工                             3918        617895       9608860        843998
PRA                                         274         34842        609828         74445
金属制日用品制造                                     5787        585074       6056821       2002444
铸造及其他金属制品制造                              20259       2718263,      31252890       3871388
通用设备制造业                                       117031      16589195 173817059      23032597
锅炉及原动设备制造                                   6202       1554738      22227780       1211603,
金属加工机械制千                                    16620       1999046      17591637       1697125,
物料搬运设备制造                                    11269       2386059      29303624       4344460
FP], Ba RAE                       23618       2958750      32859622       5016801
轴承、齿轮和传动部件制造                             10500       1369241      13198926       1496203,
烘粹、风机、包装等设备制造                           18068       2470195      27028918       4206135
文化、办公用机械制造                                 2912        502065       4230869       1783863,
BASSE                                      16437       1697291      16616486       2217485
其他通用设备制造业                                  11405       1651811      10760497       1160022
专用设备制造业                                       107200      16701444 145002534      21044090
采矿、治金、建筑专用设备制造                         16875       3373769      36847601       6773764
化工、木材、非金属加工专用设备制造                       16818        1927413       21427869        3370878
食品、饮料、烟草及词料生产专用设备制造                   3041          342810        3401880         339709
印刷、制药、日化及日用品生产专用设备制造             4810       562865       6013957       1076795
纺织、服装和皮革加工专用设备制造                      3673        451190       5312037        853257
电子和电工机械专用设备制造                           13019       2831762      20685948       1618462
ak. BERRA                          4828       639994       7285780       1312611
医疗仪器设备及器械制造                              23100       3926545      17348340       3748907
环保、邮政、社会公共服务及其他专用设备制造            21036       2645096      26779123,       1949707
汽车制造业                                           67596      24912899 357616419      38154687
汽车整车制造                                        4012      11115077 190952382      22227537
汽车用发动机制造                                     1454        599397       7771396         89399
改装汽车制造                                        2943        501551       6556251        209691
低速汽车制造                                         205         83525        821479         41758
电车制造                                              79          8813        128851         21895
SEES. HEHE                                   1517        232727       3107213        437602
SEEMS                                57386      12371808 148278846      16126876
铁路、船舶、航空航天和其他运输设备制造业               25885       4953279      59026855      15192865
电气机械和器村制造业                                 127563      31532337 463318737      79635682
电机制造                                           13993       2956197      38982839       5444976
输醒电及控制设备制造                                47215      10825059 170752870      26309260
Fade A. HRT HS                       19160       4464282      69093283       2526363,
电池制造                                           11853       6047943      86312063      13836145
家用电力器具制千                                    17192       5281669      78493833      26384524
+R RASA AE                                   1937        252134       3118271        780180
照明器具制千                                        13341       1355420      14286300       4066024
其他电气机械及器材制造                               2872        349632       3279279        288250
计算机、通信和其他电子设备制造业                      133541      59052432 617246770 。。 245412488
计算机制造                                          14995       4654154      72468580      41186636
通信设备制造                                        14058      21742180 197819588      91564569
广播电视设备制造                                     2903        653064       6829740       1965923
雷达及配套设备制造                                   1197        142493        520409         10514
ERR AE                                   5050       1610029      29202799      11833205
智能消费设备制造                                     9944       3221134      42776068      22171765
电子器件制造                                        34727      15119171 117495997      38007518
电子元件及电子专用材料制造                          43502      10235249 136951485      36003531
其他电子设备制造                                     7028       1674957      13182104       2698941
仪器仪表制造业                                        36078       5174401      37543998       4793726
通用仪器仪表制造                                    23576       3389156      27013136       2916316
专用仪器仪表制造                                     6994       1009264       6074336        824208
钟表与计时仪器制造                                    755         69134        648638        255710
光学仪器制造                                        2925        499394       2250633,        500365
衡器制造                                             619         65474        458475        158840
其他仪器仪表制造业                                   1209        141979       1098781        139287
其他制造业                                            5445        564116       5940009       1895683,
日用杂品制造                                        2721        356984       4103513       1656645
核辐射加工                                            33          1438         16368
其他未列明制造业                                     2691        205694       1821128,        239038
RRARSAAAL                                     3123        734857      14127660        111601
SERN aR EME                               1600        505178      10407318          4231
+2 ERNE BM LINE                              1623        229679       3720343        107371
金属制品、机械和设备修理业                              1849        299483       2075338        650802
金属制品修理                                          26          2858          5884           112
通用设备修理                                          155         10281         29128          5287
专用设备修理                                          317         39329        184434
铁路、船舶、航空航天等运输设备修理                    1110        210411       1602682        630372
电气设备修理                                           56          8416         64573
仪器仪表修理                                           14          2461          4414
其他机械和设备修理业                                  171         25727        184223         15061
HAA $s METRE Pan                       14832       2781992      18881348        110631
电力、热力生产和供应业                                   11332       2120912        8638395          84778
电力生产                                            5869       1478390       7274779         84778
电力供应                                            4830        542986        273962
热力生产和供应                                        633         99536       1089664
燃气生产和供应业                                       1687        398319       8733809         22454
燃气生产和供应业                                     1655        396471       8726431         22454
生物质燃气生产和供应业                                 32          1848          7378
水的生产和供应业                                       1813        262761       1509144          3399
自来水生产和供应                                      807        150691        749070
污水处理及其再生利用                                  969        102083        736896          3391
海水淡化处理                                           14           981          8322
SAME. ARS                               23          9006         14856             8
