单位: 亿元
企业      营业      利润     平均用工     营业      销售      管理      财务      流动      其中:       本      其中:       资产       负债
it              41800    211433.7    9031.5     1163.9    183130.6    4811.7    6072.4     389.3    169562.8    60929.4    29500.6    10979.1   275459.6   154128.9
在总计中: 国有控股企业                1115     18951.9    515.0     76.0     16301.7    445.8     4873     118.8     17592.0    4975.0    3874.9     1340.7    35554.7    18723.5
私营企业                    26982     61578.7     3383.0     415.8     50023.7     2075.6     2479.9     160.4     521183    17678.1     9764.7     3766.6     9412.2    452454
外商及港澳台投资企业            5838     67208.0     3232.9     363.0     59919.2     1006.8     1641.6     -95.5     48152.6    182663     7674.1     2568.1     75862.9    37844.0
二、按企业规模分类
在总计中: 大中型工业                  6903     166834.8    7744.8     844.6     144839.5    3762.5     4068.1     169.8     131156.3    46946.5    21536.3     7842.1    218143.0    120644.5
三、按行业分类
(一) 雷达及配套设备制造                     134        139.1        5         15        97.1        65        B2        07        262.3        98.3        559        146        332.1       162.1
(=) 通信设备制造                            2418       47801.0      2281.9       155.9       40307.8       1508.0       1098.6       -30.5       35764.4      131448      5681.3       17718      473203      29233.2
(=) 广播电视设备制造                    676       2038.5      118.1       163       1693.3      66.7       82.2       -2.6       1514.6      550.7      265.6       94.8      2694.1      1133.2
(四) 电子计算机制造                      3396      25100.4      664.7      112.1      23145.4      371.0      419.6      36.6      15170.1     7105.6      3054.5      999.7      19659.7     122759
(五) 非专用视听设备制造                     1222       6934.9       185.9        35.9       6262.3       161.7       181.9        55        4645.1       1755.9       845.4       333.1       6263.4      4104.5
OW) 仪器仪表制造业                          2006       3413.0       403.8        32.5        2213.2       319.7        255.5        -7.0        4033.9       1095.2       802.0        264.2       6145.1       2308.1
(4) 电子和电工机械专用设备制造             2532      4643.5      288.6       38.4      3599.7      150.4      247.9       21.3      7104.5      1824.7      22172      971.5      9767.3      5923.5
(八) 电子元件制造电子元件及专用材料制造       10903      34488.6     1483.4      279.8      30253.6      453.9      1209.1      131.7      26321.7     9249.2      4642.0      1864.3     47348.5     238323
CH) 电子器件制造                       9312      36525.1      1434.0      240.0      31560.2      483.8      1187.1      186.3      34110.2     10663.4     5920.8      1949.9     69700.1     33930.4
(十) 电气机械和器材制造业                 5231      36422.2      1590.6      158.7      32066.6      935.4      921.6      103.6      30197.1     11023.3     3988.3      1870.6     514259     32709.0
(十一) 智能硬件设备制造                     2092       8896.3       298.1        55.5       7120.6       223.5       254.2        13.9       64803       2923.4       1148.0       488.5       9019.5       5440.9
(十二) 其他电子设备制造                      1878        5031.1       275.2        373        4210.8       131.1        201.5        3.0        3958.6       1494.9       879.6        356.1       5783.6       3075.8
四、按省、自治区、直辖市分列
dk                  467    6621.6    413.7    12.0    5704.3    2573    1778    40.9    8314.4   1433.7   14162    527.0   12482.5   6780.5
天 津                  377    2464.1    116.9    10.6    2185.8    412    60.4     2.0    1781.2    650.5    464.9    162.2    2894.1    1345.7
河 北                  490    1330.8    343    96    1185.7    5    49.7    20.1    1922.2    475.8    243.1    71.0    3698.5   2263.9
i                 163    1459.5    -70    93    1418.5    57    20.8    23    942.2    342.0    154.8    72.0    1419.5    832.5
内蒙古                          78      734.8      -283      33      702.7      3.2      154      61      5293      196.3      111.1      43.3      1060.9     723.8
iF                  273    944.0    45.1    @    790.6    229    50.5    3.1    885.7    262.2    210.9    554    12579    657.5
吉 林                  81    319.2    30.5    21    241.4    9.0    18.1    09    247.2    95.8    44.9    154    409.6    186.3
黑龙江                          47      83.2      B2      10      58.5      3.6       40       03      133.7      45.1      34.5      17.0      218.0      118.5
上 海                  946    7062.0    226.9    28.5    6096.8    159.4    246.4    89    6602.3    1973.1    1302.0    387.6    11639.4   5380.1
江 苏                  7084    36783.1   1353.5    203.1   32678.4   578.5    987.5    67.6    280072   12856.1   4566.0   1874.8   44492.1   24384.5
wr 江                  4523    17260.5    701.3    105.9    14750.2    494.4    567.7    65.2    15659.1   6131.1    2738.8    1190.2   25381.5   13850.1
安 征                  2003    9118.2    213.7    43.9    8195.1    1277    204.9    571    7104.5   3160.0   1149.9    4323    14583.6   8790.2
a                  1172    8442.8    1007.7    43.3    6656.2    312.5    265.5    316    9053.2   2252.7   1162.6    4143    141716   7685.3
江 西                  2334    91773    372.6    52.6    8321.6    85.2    177.0    40.0    5242.8   2097.7    818.4    325.2    8900.3   5717.6
ub                         1483     7355.8     1713      34.2     6644.7     1109      183.5      30.2     4981.8     1922.7     993.5     413.3     8323.5     4707.2
河 南                  783    6454.0    123.0    275    6186.7    34.4    104    -16    3173.4    1796.3    438.6    103.0    4269.6    2621.2
湖 北                 1170    6158.0   242.0    33.1    5288.0    98.0    1498    53.3    4641.0   1838.2    863.8    2783    9842.5   5642.1
ow                  1671    4343.8    241.5    36.0    3655.4    105.4    153.5    14.0    31073    1112.4    482.3    201.2    5617.5   2420.0
广 东                         13195     607373     3110.0     379.2     49763.5     1981.7     2188.5     311     50584.8    15805.8     9182.4     3097.1     76119.8    43506.5
Dr B                  463    1899.2    113.2    141    1702.9    19.7    318    68    1543.3    827.2    271.1    137.7    2291.0   1621.4
ow                   4     117    -0.6     01     10.1     02     08     01     20.2     47     84     27     40.0    18.9
BR                 650    6264.0   229.0    26.0    5841.6    44.9    95.9    33    2955.8   1309.3    444.6    160.4   4941.4   2968.1
四 川                         1336     10078.6     267.4      512     91693     229.5      198.0      22.0     6316.2     2683.9     12318     489.4     11060.4     6664.3
贵 州                  208    823.1    17.0    43    760.3    94    216    62    663.1    209.1    146.0    52.1    1280.1    802.9
云 南                  162    1504.2    -62.7    74    1484.6    61    30.7    88    1224.9    4273    388.4    267.0    2149.8    1372.2
a                  0     0.0     0.0     0.0     0.0     0.0     0.0     0.0     0.0     0.0     0.0     0.0     0.0     0.0
Sanit]                  443    2708.7    133.5    123    2383.7    34.4    69.3    2.0    2299.5    652.6    410.2    102.1    42174   1596.8
+f 十                   57    384.2    3.9     16    360.4    DD     10.0     52    280.6    TA    64.2    23.2    826.4    399.4
青 海                   31     469.5    -98     24    452.6    43     123     46    357.6    1173    56.5    183    1006.7    592.9
宁 夏                          39      323.7      -442      1.6      332.1      20       74       64      306.9      146.4      75.0      30.9      720.7     391.6
新 性                   67     116.8    29     0.5    108.9    0.5     3.2     04     814    317    25.7     8.7    1433    86.9
注: 基于国家统计局年度统计数据，对照我部制定实施的《电子信息制造业统计调查制度2024年) 》进行汇总整理。
